osu file format v14

[General]
AudioFilename: audio.mp3
AudioLeadIn: 0
PreviewTime: 192971
Countdown: 0
SampleSet: Soft
StackLeniency: 0.2
Mode: 0
LetterboxInBreaks: 0
EpilepsyWarning: 1
WidescreenStoryboard: 1

[Editor]
Bookmarks: 2526,12579,22631,42736,62841,72893,92998,95511,113102,133207,143259,153312,163364,173417,193521,213626,232474
DistanceSpacing: 0.4
BeatDivisor: 4
GridSize: 4
TimelineZoom: 3.950005

[Metadata]
Title:Koe
TitleUnicode:声
Artist:Feryquitous feat. Sennzai
ArtistUnicode:Feryquitous feat. Sennzai
Creator:K4L1
Version:Airi's Extreme
Source:
Tags:LMT Rensia reicavera Maot Dada Faito Nattu yShadowXOP_ Sakura Airi Nyxa Kalindraz Cheri SILENCE PLAYER Rhuzerv Irui Diverse System C93 Deemo
BeatmapID:2418451
BeatmapSetID:1071084

[Difficulty]
HPDrainRate:6
CircleSize:4.1
OverallDifficulty:8.6
ApproachRate:9.4
SliderMultiplier:2.6
SliderTickRate:1

[Events]
//Background and Video events
0,0,"Sakura.jpg",0,0
//Break Periods
2,133406,142718
//Storyboard Layer 0 (Background)
//Storyboard Layer 1 (Fail)
//Storyboard Layer 2 (Pass)
//Storyboard Layer 3 (Foreground)
//Storyboard Layer 4 (Overlay)
//Storyboard Sound Samples

[TimingPoints]
13,314.13612565445,4,2,1,90,1,0
2526,-200,4,2,21,90,0,0
2683,-100,4,2,22,90,0,0
2840,-100,4,2,23,90,0,0
2997,-100,4,2,24,90,0,0
3154,-100,4,2,25,90,0,0
3311,-100,4,2,26,90,0,0
3468,-100,4,2,27,90,0,0
3625,-100,4,2,21,90,0,0
3782,-100,4,2,28,90,0,0
3939,-100,4,2,29,90,0,0
4096,-100,4,2,23,90,0,0
4253,-100,4,2,27,90,0,0
4410,-100,4,2,28,90,0,0
4567,-100,4,2,30,90,0,0
4725,-100,4,2,27,90,0,0
4882,-285.714285714286,4,2,20,90,0,0
5038,-285.714285714286,4,2,20,90,0,0
5039,-285.714285714286,4,2,21,90,0,0
5195,-285.714285714286,4,2,21,90,0,0
5196,-285.714285714286,4,2,22,90,0,0
5352,-285.714285714286,4,2,22,90,0,0
5353,-285.714285714286,4,2,23,90,0,0
5509,-285.714285714286,4,2,23,90,0,0
5510,-153.846153846154,4,2,24,90,0,0
5666,-153.846153846154,4,2,24,90,0,0
5667,-153.846153846154,4,2,25,90,0,0
5823,-153.846153846154,4,2,25,90,0,0
5824,-153.846153846154,4,2,26,90,0,0
5980,-153.846153846154,4,2,26,90,0,0
5981,-153.846153846154,4,2,27,90,0,0
6137,-153.846153846154,4,2,27,90,0,0
6138,-153.846153846154,4,2,21,90,0,0
6294,-153.846153846154,4,2,21,90,0,0
6295,-153.846153846154,4,2,28,90,0,0
6451,-153.846153846154,4,2,28,90,0,0
6452,-153.846153846154,4,2,31,90,0,0
6608,-153.846153846154,4,2,31,90,0,0
6609,-285.714285714286,4,2,23,90,0,0
6765,-285.714285714286,4,2,23,90,0,0
6766,-285.714285714286,4,2,27,90,0,0
6922,-285.714285714286,4,2,27,90,0,0
6923,-285.714285714286,4,2,32,90,0,0
7080,-285.714285714286,4,2,32,90,0,0
7081,-285.714285714286,4,2,33,90,0,0
7237,-285.714285714286,4,2,33,90,0,0
7238,-285.714285714286,4,2,34,90,0,0
7394,-285.714285714286,4,2,34,90,0,0
7395,-153.846153846154,4,2,20,90,0,0
7551,-153.846153846154,4,2,20,90,0,0
7552,-153.846153846154,4,2,21,90,0,0
7708,-153.846153846154,4,2,21,90,0,0
7709,-153.846153846154,4,2,22,90,0,0
7865,-153.846153846154,4,2,22,90,0,0
7866,-153.846153846154,4,2,23,90,0,0
8022,-153.846153846154,4,2,23,90,0,0
8023,-153.846153846154,4,2,24,90,0,0
8179,-153.846153846154,4,2,24,90,0,0
8180,-153.846153846154,4,2,25,90,0,0
8336,-153.846153846154,4,2,25,90,0,0
8337,-153.846153846154,4,2,26,90,0,0
8493,-153.846153846154,4,2,26,90,0,0
8494,-153.846153846154,4,2,27,90,0,0
8650,-153.846153846154,4,2,27,90,0,0
8651,-153.846153846154,4,2,21,90,0,0
8807,-153.846153846154,4,2,21,90,0,0
8808,-153.846153846154,4,2,28,90,0,0
8964,-153.846153846154,4,2,28,90,0,0
8965,-133.333333333333,4,2,29,90,0,0
9121,-285.714285714286,4,2,29,90,0,0
9122,-285.714285714286,4,2,23,90,0,0
9279,-285.714285714286,4,2,23,90,0,0
9280,-285.714285714286,4,2,27,90,0,0
9436,-285.714285714286,4,2,27,90,0,0
9437,-285.714285714286,4,2,28,90,0,0
9593,-285.714285714286,4,2,28,90,0,0
9594,-285.714285714286,4,2,30,90,0,0
9750,-285.714285714286,4,2,30,90,0,0
9751,-285.714285714286,4,2,27,90,0,0
9907,-285.714285714286,4,2,27,90,0,0
9908,-285.714285714286,4,2,20,90,0,0
10064,-285.714285714286,4,2,20,90,0,0
10065,-285.714285714286,4,2,21,90,0,0
10221,-285.714285714286,4,2,21,90,0,0
10222,-285.714285714286,4,2,22,90,0,0
10378,-285.714285714286,4,2,22,90,0,0
10379,-285.714285714286,4,2,23,90,0,0
10535,-285.714285714286,4,2,23,90,0,0
10536,-285.714285714286,4,2,24,90,0,0
10692,-285.714285714286,4,2,24,90,0,0
10693,-285.714285714286,4,2,25,90,0,0
10849,-285.714285714286,4,2,25,90,0,0
10850,-285.714285714286,4,2,26,90,0,0
11006,-285.714285714286,4,2,26,90,0,0
11007,-285.714285714286,4,2,27,90,0,0
11163,-285.714285714286,4,2,27,90,0,0
11164,-285.714285714286,4,2,21,90,0,0
11320,-285.714285714286,4,2,21,90,0,0
11321,-133.333333333333,4,2,28,90,0,0
11477,-285.714285714286,4,2,28,90,0,0
11478,-133.333333333333,4,2,31,90,0,0
11635,-285.714285714286,4,2,31,90,0,0
11636,-285.714285714286,4,2,23,90,0,0
11792,-285.714285714286,4,2,23,90,0,0
11793,-285.714285714286,4,2,27,90,0,0
11949,-285.714285714286,4,2,27,90,0,0
11950,-285.714285714286,4,2,32,90,0,0
12106,-285.714285714286,4,2,32,90,0,0
12107,-285.714285714286,4,2,33,90,0,0
12263,-285.714285714286,4,2,33,90,0,0
12264,-285.714285714286,4,2,34,90,0,0
12420,-285.714285714286,4,2,34,90,0,0
12421,-285.714285714286,4,2,20,90,0,0
12577,-285.714285714286,4,2,20,90,0,0
12578,-58.8235294117647,4,2,21,90,0,0
12734,-58.8235294117647,4,2,21,90,0,0
12735,-58.8235294117647,4,2,22,90,0,0
12891,-58.8235294117647,4,2,22,90,0,0
12892,-58.8235294117647,4,2,23,90,0,0
13048,-58.8235294117647,4,2,23,90,0,0
13049,-58.8235294117647,4,2,24,90,0,0
13205,-58.8235294117647,4,2,24,90,0,0
13206,-100,4,2,25,90,0,0
13362,-100,4,2,25,90,0,0
13363,-100,4,2,26,90,0,0
13519,-100,4,2,26,90,0,0
13520,-100,4,2,27,90,0,0
13676,-100,4,2,27,90,0,0
13677,-100,4,2,21,90,0,0
13833,-100,4,2,21,90,0,0
13834,-100,4,2,28,90,0,0
13991,-100,4,2,28,90,0,0
13992,-100,4,2,29,90,0,0
14148,-100,4,2,29,90,0,0
14149,-100,4,2,23,90,0,0
14305,-100,4,2,23,90,0,0
14306,-100,4,2,27,90,0,0
14462,-100,4,2,27,90,0,0
14463,-100,4,2,28,90,0,0
14619,-100,4,2,28,90,0,0
14620,-100,4,2,30,90,0,0
14776,-100,4,2,30,90,0,0
14777,-100,4,2,27,90,0,0
14933,-100,4,2,27,90,0,0
14934,-58.8235294117647,4,2,20,90,0,0
15090,-58.8235294117647,4,2,20,90,0,0
15091,-58.8235294117647,4,2,21,90,0,0
15247,-58.8235294117647,4,2,21,90,0,0
15248,-58.8235294117647,4,2,22,90,0,0
15404,-58.8235294117647,4,2,22,90,0,0
15405,-58.8235294117647,4,2,23,90,0,0
15561,-58.8235294117647,4,2,23,90,0,0
15562,-58.8235294117647,4,2,24,90,0,0
15718,-58.8235294117647,4,2,24,90,0,0
15719,-100,4,2,25,90,0,0
15875,-100,4,2,25,90,0,0
15876,-100,4,2,26,90,0,0
16032,-100,4,2,26,90,0,0
16033,-100,4,2,27,90,0,0
16190,-100,4,2,27,90,0,0
16191,-100,4,2,21,90,0,0
16347,-100,4,2,21,90,0,0
16348,-100,4,2,28,90,0,0
16504,-100,4,2,28,90,0,0
16505,-66.6666666666667,4,2,31,90,0,0
16661,-66.6666666666667,4,2,31,90,0,0
16662,-100,4,2,23,90,0,0
16818,-100,4,2,23,90,0,0
16819,-100,4,2,27,90,0,0
16975,-100,4,2,27,90,0,0
16976,-100,4,2,32,90,0,0
17132,-100,4,2,32,90,0,0
17133,-90.9090909090909,4,2,33,90,0,0
17289,-90.9090909090909,4,2,33,90,0,0
17290,-83.3333333333333,4,2,34,90,0,0
17446,-83.3333333333333,4,2,34,90,0,0
17447,-76.9230769230769,4,2,20,90,0,0
17603,-76.9230769230769,4,2,20,90,0,0
17604,-66.6666666666667,4,2,21,90,0,0
17760,-66.6666666666667,4,2,21,90,0,0
17761,-66.6666666666667,4,2,22,90,0,0
17917,-66.6666666666667,4,2,22,90,0,0
17918,-66.6666666666667,4,2,23,90,0,0
18074,-66.6666666666667,4,2,23,90,0,0
18075,-66.6666666666667,4,2,24,90,0,0
18231,-66.6666666666667,4,2,24,90,0,0
18232,-66.6666666666667,4,2,25,90,0,0
18388,-66.6666666666667,4,2,25,90,0,0
18389,-66.6666666666667,4,2,26,90,0,0
18546,-100,4,2,26,90,0,0
18547,-100,4,2,27,90,0,0
18703,-100,4,2,27,90,0,0
18704,-100,4,2,21,90,0,0
18860,-100,4,2,21,90,0,0
18861,-100,4,2,28,90,0,0
19017,-100,4,2,28,90,0,0
19018,-100,4,2,29,90,0,0
19174,-100,4,2,29,90,0,0
19175,-100,4,2,23,90,0,0
19331,-100,4,2,23,90,0,0
19332,-100,4,2,27,90,0,0
19488,-100,4,2,27,90,0,0
19489,-100,4,2,28,90,0,0
19645,-100,4,2,28,90,0,0
19646,-100,4,2,30,90,0,0
19802,-100,4,2,30,90,0,0
19803,-100,4,2,27,90,0,0
19959,-100,4,2,27,90,0,0
19960,-100,4,2,20,90,0,0
21373,-100,4,2,20,90,0,0
21374,-100,4,2,0,10,0,0
21530,-100,4,2,0,10,0,0
21531,-100,4,2,0,22,0,0
21687,-100,4,2,0,22,0,0
21688,-100,4,2,0,34,0,0
21844,-100,4,2,0,34,0,0
21845,-100,4,2,0,46,0,0
22001,-100,4,2,0,46,0,0
22002,-100,4,2,0,58,0,0
22158,-100,4,2,0,58,0,0
22159,-100,4,2,0,70,0,0
22315,-100,4,2,0,70,0,0
22316,-100,4,3,90,82,0,0
22629,-100,4,3,90,82,0,0
22630,-66.6666666666667,4,3,91,90,0,0
22748,-66.6666666666667,4,3,91,90,0,0
22786,-66.6666666666667,4,3,91,90,0,0
22787,-66.6666666666667,4,3,92,90,0,0
22866,-100,4,3,92,90,0,0
22943,-100,4,3,92,90,0,0
22944,-100,4,3,90,90,0,0
23101,-100,4,3,90,90,0,0
23102,-100,4,3,93,90,0,0
23258,-76.9230769230769,4,3,93,90,0,0
23259,-76.9230769230769,4,3,94,90,0,0
23376,-66.6666666666667,4,3,94,90,0,0
23415,-66.6666666666667,4,3,94,90,0,0
23416,-100,4,3,95,90,0,0
23572,-100,4,3,95,90,0,0
23573,-66.6666666666667,4,3,96,90,0,0
23808,-100,4,3,96,90,0,0
23886,-100,4,3,96,90,0,0
23887,-100,4,3,91,90,0,0
24043,-100,4,3,91,90,0,0
24044,-100,4,3,92,90,0,0
24200,-100,4,3,92,90,0,0
24201,-100,4,3,90,90,0,0
24357,-100,4,3,90,90,0,0
24358,-100,4,3,93,90,0,0
24514,-100,4,3,93,90,0,0
24515,-100,4,3,94,90,0,0
24671,-100,4,3,94,90,0,0
24672,-100,4,3,95,90,0,0
24828,-100,4,3,95,90,0,0
24829,-66.6666666666667,4,3,97,90,0,0
24985,-66.6666666666667,4,3,97,90,0,0
24986,-66.6666666666667,4,3,98,90,0,0
25065,-100,4,3,98,90,0,0
25142,-100,4,3,98,90,0,0
25143,-100,4,3,91,90,0,0
25299,-100,4,3,91,90,0,0
25300,-100,4,3,92,90,0,0
25457,-66.6666666666667,4,3,92,90,0,0
25458,-66.6666666666667,4,3,90,90,0,0
25613,-66.6666666666667,4,3,90,90,0,0
25614,-66.6666666666667,4,3,93,90,0,0
25770,-66.6666666666667,4,3,93,90,0,0
25771,-66.6666666666667,4,3,94,90,0,0
25772,-100,4,3,94,90,0,0
25927,-100,4,3,94,90,0,0
25928,-100,4,3,95,90,0,0
26084,-100,4,3,95,90,0,0
26085,-100,4,3,97,90,0,0
26086,-83.3333333333333,4,3,97,90,0,0
26399,-83.3333333333333,4,3,97,90,0,0
26400,-100,4,3,91,90,0,0
26556,-100,4,3,91,90,0,0
26557,-100,4,3,92,90,0,0
26713,-100,4,3,92,90,0,0
26714,-100,4,3,90,90,0,0
26870,-100,4,3,90,90,0,0
26871,-100,4,3,93,90,0,0
27027,-100,4,3,93,90,0,0
27028,-76.9230769230769,4,3,94,90,0,0
27184,-76.9230769230769,4,3,94,90,0,0
27185,-76.9230769230769,4,3,95,90,0,0
27341,-76.9230769230769,4,3,95,90,0,0
27342,-83.3333333333333,4,3,97,90,0,0
27498,-83.3333333333333,4,3,97,90,0,0
27499,-100,4,3,98,90,0,0
27655,-100,4,3,98,90,0,0
27656,-100,4,3,91,90,0,0
27812,-100,4,3,91,90,0,0
27813,-100,4,3,92,90,0,0
27970,-100,4,3,92,90,0,0
27971,-100,4,3,90,90,0,0
28126,-100,4,3,90,90,0,0
28127,-100,4,3,93,90,0,0
28283,-100,4,3,93,90,0,0
28284,-100,4,3,94,90,0,0
28440,-100,4,3,94,90,0,0
28441,-100,4,3,95,90,0,0
28597,-100,4,3,95,90,0,0
28598,-100,4,3,97,90,0,0
28756,-76.9230769230769,4,3,97,90,0,0
28912,-76.9230769230769,4,3,97,90,0,0
28913,-66.6666666666667,4,3,91,90,0,0
29069,-66.6666666666667,4,3,91,90,0,0
29070,-66.6666666666667,4,3,92,90,0,0
29226,-66.6666666666667,4,3,92,90,0,0
29227,-100,4,3,90,90,0,0
29383,-100,4,3,90,90,0,0
29384,-100,4,3,93,90,0,0
29540,-100,4,3,93,90,0,0
29541,-100,4,3,94,90,0,0
29697,-100,4,3,94,90,0,0
29698,-100,4,3,95,90,0,0
29854,-100,4,3,95,90,0,0
29855,-100,4,3,97,90,0,0
30011,-100,4,3,97,90,0,0
30012,-100,4,3,98,90,0,0
30052,-100,4,3,98,90,0,0
30091,-100,4,3,98,90,0,0
30130,-100,4,3,98,90,0,0
30169,-100,4,3,98,90,0,0
30170,-100,4,3,91,90,0,0
30326,-100,4,3,91,90,0,0
30327,-100,4,3,92,90,0,0
30483,-100,4,3,92,90,0,0
30484,-66.6666666666667,4,3,90,90,0,0
30640,-66.6666666666667,4,3,90,90,0,0
30641,-66.6666666666667,4,3,93,90,0,0
30797,-66.6666666666667,4,3,93,90,0,0
30798,-100,4,3,94,90,0,0
30954,-100,4,3,94,90,0,0
30955,-100,4,3,95,90,0,0
31111,-100,4,3,95,90,0,0
31112,-76.9230769230769,4,3,97,90,0,0
31425,-76.9230769230769,4,3,97,90,0,0
31426,-32.258064516129,4,3,91,90,0,0
31582,-32.258064516129,4,3,91,90,0,0
31583,-83.3333333333333,4,3,92,90,0,0
31739,-333.333333333333,4,3,92,90,0,0
31896,-333.333333333333,4,3,92,90,0,0
31897,-100,4,3,93,90,0,0
32053,-100,4,3,93,90,0,0
32054,-100,4,3,90,90,0,0
32132,-100,4,3,90,90,0,0
32210,-100,4,3,90,90,0,0
32211,-333.333333333333,4,3,99,90,0,0
32237,-333.333333333333,4,3,99,90,0,0
32446,-333.333333333333,4,3,99,90,0,0
32525,-100,4,3,99,90,0,0
32526,-100,4,3,90,90,0,0
32682,-100,4,3,90,90,0,0
32683,-58.8235294117647,4,3,91,90,0,0
32839,-58.8235294117647,4,3,91,90,0,0
32840,-58.8235294117647,4,3,92,90,0,0
32996,-58.8235294117647,4,3,92,90,0,0
32997,-100,4,3,90,90,0,0
33153,-100,4,3,90,90,0,0
33154,-100,4,3,93,90,0,0
33310,-100,4,3,93,90,0,0
33311,-100,4,3,94,90,0,0
33467,-100,4,3,94,90,0,0
33468,-100,4,3,95,90,0,0
33624,-100,4,3,95,90,0,0
33625,-100,4,3,97,90,0,0
33938,-100,4,3,97,90,0,0
33939,-100,4,3,91,90,0,0
34095,-100,4,3,91,90,0,0
34096,-100,4,3,92,90,0,0
34252,-100,4,3,92,90,0,0
34253,-66.6666666666667,4,3,90,90,0,0
34409,-66.6666666666667,4,3,90,90,0,0
34410,-66.6666666666667,4,3,93,90,0,0
34489,-100,4,3,93,90,0,0
34566,-100,4,3,93,90,0,0
34567,-100,4,3,94,90,0,0
34723,-100,4,3,94,90,0,0
34724,-100,4,3,95,90,0,0
34880,-100,4,3,95,90,0,0
34881,-100,4,3,97,90,0,0
35037,-100,4,3,97,90,0,0
35038,-100,4,3,98,90,0,0
35195,-100,4,3,98,90,0,0
35196,-66.6666666666667,4,3,91,90,0,0
35352,-66.6666666666667,4,3,91,90,0,0
35353,-66.6666666666667,4,3,92,90,0,0
35509,-66.6666666666667,4,3,92,90,0,0
35510,-100,4,3,90,90,0,0
35666,-100,4,3,90,90,0,0
35667,-100,4,3,93,90,0,0
35823,-100,4,3,93,90,0,0
35824,-100,4,3,94,90,0,0
35980,-100,4,3,94,90,0,0
35981,-100,4,3,95,90,0,0
36137,-100,4,3,95,90,0,0
36138,-76.9230769230769,4,3,97,90,0,0
36177,-100,4,3,97,90,0,0
36217,-100,4,3,97,90,0,0
36256,-100,4,3,97,90,0,0
36295,-100,4,3,97,90,0,0
36334,-100,4,3,97,90,0,0
36374,-100,4,3,97,90,0,0
36413,-100,4,3,97,90,0,0
36451,-100,4,3,97,90,0,0
36452,-100,4,3,91,90,0,0
36608,-100,4,3,91,90,0,0
36609,-100,4,3,92,90,0,0
36765,-100,4,3,92,90,0,0
36766,-100,4,3,90,90,0,0
36922,-100,4,3,90,90,0,0
36923,-100,4,3,93,90,0,0
37079,-100,4,3,93,90,0,0
37080,-62.5,4,3,94,90,0,0
37236,-62.5,4,3,94,90,0,0
37237,-62.5,4,3,95,90,0,0
37393,-62.5,4,3,95,90,0,0
37394,-62.5,4,3,97,90,0,0
37395,-76.9230769230769,4,3,97,90,0,0
37550,-76.9230769230769,4,3,97,90,0,0
37551,-76.9230769230769,4,3,98,90,0,0
37708,-76.9230769230769,4,3,98,90,0,0
37709,-76.9230769230769,4,3,91,90,0,0
37865,-76.9230769230769,4,3,91,90,0,0
37866,-76.9230769230769,4,3,92,90,0,0
38022,-76.9230769230769,4,3,92,90,0,0
38023,-100,4,3,90,90,0,0
38179,-100,4,3,90,90,0,0
38180,-100,4,3,93,90,0,0
38336,-100,4,3,93,90,0,0
38337,-200,4,3,94,90,0,0
38493,-200,4,3,94,90,0,0
38494,-200,4,3,95,90,0,0
38650,-200,4,3,95,90,0,0
38651,-100,4,3,97,90,0,0
38964,-100,4,3,97,90,0,0
38965,-100,4,3,91,90,0,0
39121,-100,4,3,91,90,0,0
39122,-100,4,3,92,90,0,0
39279,-100,4,3,92,90,0,0
39280,-100,4,3,90,90,0,0
39435,-100,4,3,90,90,0,0
39436,-100,4,3,93,90,0,0
39592,-100,4,3,93,90,0,0
39593,-100,4,3,94,90,0,0
39594,-100,4,3,94,90,0,0
39749,-100,4,3,94,90,0,0
39750,-100,4,3,95,90,0,0
39906,-100,4,3,95,90,0,0
39907,-100,4,3,97,90,0,0
40063,-100,4,3,97,90,0,0
40064,-100,4,3,98,90,0,0
40221,-100,4,3,98,90,0,0
40222,-100,4,3,91,90,0,0
40378,-100,4,3,91,90,0,0
40379,-100,4,3,92,90,0,0
40535,-100,4,3,92,90,0,0
40536,-100,4,3,90,90,0,0
40692,-100,4,3,90,90,0,0
40693,-100,4,3,93,90,0,0
40849,-100,4,3,93,90,0,0
40850,-100,4,3,94,90,0,0
41006,-100,4,3,94,90,0,0
41007,-100,4,3,95,90,0,0
41163,-100,4,3,95,90,0,0
41164,-66.6666666666667,4,3,97,90,0,0
41477,-66.6666666666667,4,3,97,90,0,0
41478,-66.6666666666667,4,3,91,90,0,0
41635,-142.857142857143,4,3,91,90,0,0
41636,-142.857142857143,4,3,92,90,0,0
41713,-142.857142857143,4,3,92,90,0,0
41714,-142.857142857143,4,3,1,90,0,0
41949,-142.857142857143,4,3,1,90,0,0
41950,-200,4,3,93,90,0,0
42027,-200,4,3,93,90,0,0
42028,-200,4,3,1,90,0,0
42263,-200,4,3,1,90,0,0
42264,-666.666666666667,4,3,99,90,0,0
42577,-666.666666666667,4,3,99,90,0,0
42578,-666.666666666667,4,2,1,90,0,0
42734,-666.666666666667,4,2,1,90,0,0
42735,-100,4,3,41,90,0,0
42773,-100,4,3,41,90,0,0
42774,-100,4,3,40,90,0,0
42971,-100,4,3,40,90,0,0
43049,-133.333333333333,4,3,40,90,0,0
43206,-79.9999999999999,4,3,40,90,0,0
43362,-133.333333333333,4,3,40,90,0,0
43363,-133.333333333333,4,3,42,90,0,0
43402,-133.333333333333,4,3,42,90,0,0
43403,-133.333333333333,4,3,40,90,0,0
43991,-133.333333333333,4,3,40,90,0,0
43992,-133.333333333333,4,3,43,90,0,0
44030,-133.333333333333,4,3,43,90,0,0
44031,-133.333333333333,4,3,40,90,0,0
44619,-133.333333333333,4,3,40,90,0,0
44620,-133.333333333333,4,3,44,90,0,0
44658,-133.333333333333,4,3,44,90,0,0
44659,-133.333333333333,4,3,40,90,0,0
44934,-100,4,3,40,90,0,0
45247,-100,4,3,40,90,0,0
45248,-133.333333333333,4,3,45,90,0,0
45286,-133.333333333333,4,3,45,90,0,0
45287,-133.333333333333,4,3,40,90,0,0
46033,-100,4,3,40,90,0,0
46504,-133.333333333333,4,3,40,90,0,0
46505,-133.333333333333,4,3,44,90,0,0
46543,-133.333333333333,4,3,44,90,0,0
46544,-133.333333333333,4,3,40,90,0,0
47132,-133.333333333333,4,3,40,90,0,0
47133,-133.333333333333,4,3,46,90,0,0
47171,-133.333333333333,4,3,46,90,0,0
47172,-133.333333333333,4,3,40,90,0,0
47760,-133.333333333333,4,3,40,90,0,0
47761,-133.333333333333,4,3,41,90,0,0
47799,-133.333333333333,4,3,41,90,0,0
47800,-133.333333333333,4,3,40,90,0,0
48075,-133.333333333333,4,3,40,90,0,0
48388,-133.333333333333,4,3,40,90,0,0
48389,-133.333333333333,4,3,42,90,0,0
48428,-133.333333333333,4,3,42,90,0,0
48429,-133.333333333333,4,3,40,90,0,0
49017,-133.333333333333,4,3,40,90,0,0
49018,-83.3333333333333,4,3,43,90,0,0
49056,-83.3333333333333,4,3,43,90,0,0
49057,-83.3333333333333,4,3,40,90,0,0
49645,-83.3333333333333,4,3,40,90,0,0
49646,-83.3333333333333,4,3,47,90,0,0
49684,-83.3333333333333,4,3,47,90,0,0
49685,-83.3333333333333,4,3,40,90,0,0
49803,-125,4,3,40,90,0,0
50273,-125,4,3,40,90,0,0
50274,-133.333333333333,4,3,44,90,0,0
50313,-133.333333333333,4,3,44,90,0,0
50314,-133.333333333333,4,3,40,90,0,0
50588,-133.333333333333,4,3,40,90,0,0
50902,-399.999999999997,4,3,40,90,0,0
50903,-399.999999999997,4,3,48,90,0,0
50941,-399.999999999997,4,3,48,90,0,0
50942,-399.999999999997,4,3,40,90,0,0
51217,-133.333333333333,4,3,40,90,0,0
51530,-133.333333333333,4,3,40,90,0,0
51531,-133.333333333333,4,3,43,90,0,0
51569,-133.333333333333,4,3,43,90,0,0
51570,-133.333333333333,4,3,40,90,0,0
52158,-133.333333333333,4,3,40,90,0,0
52159,-133.333333333333,4,3,46,90,0,0
52197,-133.333333333333,4,3,46,90,0,0
52198,-133.333333333333,4,3,40,90,0,0
52786,-133.333333333333,4,3,40,90,0,0
52787,-100,4,3,41,90,0,0
52826,-100,4,3,41,90,0,0
52827,-100,4,3,40,90,0,0
53415,-100,4,3,40,90,0,0
53416,-86.9565217391303,4,3,42,90,0,0
53454,-86.9565217391303,4,3,42,90,0,0
53455,-86.9565217391303,4,3,40,90,0,0
53730,-133.333333333333,4,3,40,90,0,0
54043,-133.333333333333,4,3,40,90,0,0
54044,-133.333333333333,4,3,47,90,0,0
54082,-133.333333333333,4,3,47,90,0,0
54083,-133.333333333333,4,3,40,90,0,0
54319,-133.333333333333,4,3,40,90,0,0
54358,-133.333333333333,4,3,40,90,0,0
54397,-133.333333333333,4,3,40,90,0,0
54436,-133.333333333333,4,3,40,90,0,0
54671,-133.333333333333,4,3,40,90,0,0
54672,-133.333333333333,4,3,49,90,0,0
54710,-133.333333333333,4,3,49,90,0,0
54711,-133.333333333333,4,3,40,90,0,0
55299,-133.333333333333,4,3,40,90,0,0
55300,-133.333333333333,4,3,50,90,0,0
55339,-133.333333333333,4,3,50,90,0,0
55340,-133.333333333333,4,3,40,90,0,0
56556,-133.333333333333,4,3,40,90,0,0
56557,-133.333333333333,4,3,43,90,0,0
56595,-133.333333333333,4,3,43,90,0,0
56596,-133.333333333333,4,3,40,90,0,0
57184,-133.333333333333,4,3,40,90,0,0
57185,-133.333333333333,4,3,42,90,0,0
57224,-133.333333333333,4,3,42,90,0,0
57225,-133.333333333333,4,3,40,90,0,0
57342,-100,4,3,40,90,0,0
57813,-100,4,3,40,90,0,0
57814,-100,4,3,51,90,0,0
57852,-100,4,3,51,90,0,0
57853,-100,4,3,40,90,0,0
58128,-133.333333333333,4,3,40,90,0,0
59069,-133.333333333333,4,3,40,90,0,0
59070,-133.333333333333,4,3,43,90,0,0
59108,-133.333333333333,4,3,43,90,0,0
59109,-133.333333333333,4,3,40,90,0,0
59697,-133.333333333333,4,3,40,90,0,0
59698,-133.333333333333,4,3,42,90,0,0
59737,-133.333333333333,4,3,42,90,0,0
59738,-133.333333333333,4,3,40,90,0,0
60326,-133.333333333333,4,3,40,90,0,0
60327,-133.333333333333,4,3,44,90,0,0
60365,-133.333333333333,4,3,44,90,0,0
60366,-133.333333333333,4,3,40,90,0,0
60954,-133.333333333333,4,3,40,90,0,0
60955,-133.333333333333,4,3,48,90,0,0
60993,-133.333333333333,4,3,48,90,0,0
60994,-133.333333333333,4,3,40,90,0,0
61582,-133.333333333333,4,3,40,90,0,0
61583,-133.333333333333,4,3,43,90,0,0
61621,-133.333333333333,4,3,43,90,0,0
61622,-133.333333333333,4,3,40,90,0,0
62210,-133.333333333333,4,3,40,90,0,0
62211,-133.333333333333,4,3,53,90,0,0
62250,-133.333333333333,4,3,53,90,0,0
62251,-133.333333333333,4,3,40,90,0,0
62839,-133.333333333333,4,3,40,90,0,0
62840,-58.8235294117647,4,2,2,90,0,0
63468,-66.6666666666667,4,2,2,90,0,0
63782,-83.3333333333333,4,2,2,90,0,0
63939,-133.333333333333,4,2,2,90,0,0
64096,-100,4,2,2,90,0,0
64410,-66.6666666666667,4,2,2,90,0,0
64567,-100,4,2,2,90,0,0
65667,-76.9230769230769,4,2,2,90,0,0
66138,-166.666666666667,4,2,2,90,0,0
66452,-90.9090909090909,4,2,2,90,0,0
67866,-66.6666666666667,4,2,2,90,0,0
68965,-90.9090909090909,4,2,2,90,0,0
69122,-71.4285714285714,4,2,2,90,0,0
69751,-83.3333333333333,4,2,2,90,0,0
69908,-71.4285714285714,4,2,2,90,0,0
70693,-66.6666666666667,4,2,2,90,0,0
71007,-100,4,2,2,90,0,0
72263,-100,4,2,2,90,0,0
72264,-100,4,2,60,90,0,0
72341,-100,4,2,60,90,0,0
72342,-100,4,2,2,90,0,0
72578,-142.857142857143,4,2,2,90,0,0
72891,-142.857142857143,4,2,2,90,0,0
72892,-64.5161290322581,4,2,61,90,0,1
72970,-64.5161290322581,4,2,61,90,0,1
72971,-64.5161290322581,4,2,2,90,0,1
73206,-100,4,2,2,90,0,1
73363,-76.9230769230769,4,2,2,90,0,1
73520,-100,4,2,2,90,0,1
73834,-76.9230769230769,4,2,2,90,0,1
74147,-66.6666666666667,4,2,2,90,0,1
74148,-66.6666666666667,4,2,62,90,0,1
74149,-90.9090909090909,4,2,62,90,0,1
74226,-66.6666666666667,4,2,62,90,0,1
74227,-66.6666666666667,4,2,2,90,0,1
74384,-66.6666666666667,4,2,2,90,0,1
74463,-100,4,2,2,90,0,1
74775,-66.6666666666667,4,2,2,90,0,1
74776,-66.6666666666667,4,2,63,90,0,1
74854,-66.6666666666667,4,2,63,90,0,1
74855,-66.6666666666667,4,2,2,90,0,1
74934,-100,4,2,2,90,0,1
75404,-100,4,2,2,90,0,1
75405,-100,4,2,64,90,0,1
75483,-66.6666666666667,4,2,64,90,0,1
75484,-66.6666666666667,4,2,2,90,0,1
76190,-100,4,2,2,90,0,1
76660,-66.6666666666667,4,2,2,90,0,1
76661,-66.6666666666667,4,2,65,90,0,1
76662,-58.8235294117647,4,2,65,90,0,1
76739,-58.8235294117647,4,2,65,90,0,1
76740,-58.8235294117647,4,2,2,90,0,1
76897,-133.333333333333,4,2,2,90,0,1
76976,-100,4,2,2,90,0,1
77133,-76.9230769230769,4,2,2,90,0,1
77289,-66.6666666666667,4,2,2,90,0,1
77290,-100,4,2,66,90,0,1
77368,-100,4,2,66,90,0,1
77369,-100,4,2,2,90,0,1
77604,-66.6666666666667,4,2,2,90,0,1
77917,-66.6666666666667,4,2,2,90,0,1
77918,-83.3333333333333,4,2,61,90,0,1
77996,-66.6666666666667,4,2,61,90,0,1
77997,-66.6666666666667,4,2,2,90,0,1
78232,-100,4,2,2,90,0,1
78389,-100,4,2,2,90,0,1
78861,-100,4,2,2,90,0,1
79018,-76.9230769230769,4,2,2,90,0,1
79173,-100,4,2,2,90,0,1
79174,-100,4,2,67,90,0,1
79175,-76.9230769230769,4,2,67,90,0,1
79252,-76.9230769230769,4,2,67,90,0,1
79253,-76.9230769230769,4,2,2,90,0,1
79489,-66.6666666666667,4,2,2,90,0,1
79646,-76.9230769230769,4,2,2,90,0,1
79802,-100,4,2,2,90,0,1
79803,-100,4,2,68,90,0,1
79881,-66.6666666666667,4,2,68,90,0,1
79882,-66.6666666666667,4,2,2,90,0,1
80430,-76.9230769230769,4,2,2,90,0,1
80431,-100,4,2,69,90,0,1
80509,-100,4,2,69,90,0,1
80510,-100,4,2,2,90,0,1
80745,-250,4,2,2,90,0,1
81060,-100,4,2,2,90,0,1
81160,-100,4,2,2,90,0,1
81374,-66.6666666666667,4,2,2,90,0,1
81686,-66.6666666666667,4,2,2,90,0,1
81687,-66.6666666666667,4,2,61,90,0,1
81688,-76.9230769230769,4,2,61,90,0,1
81765,-76.9230769230769,4,2,61,90,0,1
81766,-76.9230769230769,4,2,2,90,0,1
82159,-100,4,2,2,90,0,1
82316,-62.5,4,2,2,90,0,1
82473,-83.3333333333333,4,2,2,90,0,1
82787,-142.857142857143,4,2,2,90,0,1
82943,-125,4,2,2,90,0,1
82944,-83.3333333333333,4,2,66,90,0,1
83022,-66.6666666666667,4,2,66,90,0,1
83023,-66.6666666666667,4,2,2,90,0,1
83258,-100,4,2,2,90,0,1
83730,-66.6666666666667,4,2,2,90,0,1
83887,-76.9230769230769,4,2,2,90,0,1
84200,-76.9230769230769,4,2,2,90,0,1
84201,-100,4,2,62,90,0,1
84279,-100,4,2,62,90,0,1
84280,-100,4,2,2,90,0,1
84515,-76.9230769230769,4,2,2,90,0,1
84672,-83.3333333333333,4,2,2,90,0,1
84828,-83.3333333333333,4,2,2,90,0,1
84829,-83.3333333333333,4,2,63,90,0,1
84907,-83.3333333333333,4,2,63,90,0,1
84908,-83.3333333333333,4,2,2,90,0,1
85143,-76.9230769230769,4,2,2,90,0,1
85456,-58.8235294117647,4,2,2,90,0,1
85457,-83.3333333333333,4,2,64,90,0,1
85535,-100,4,2,64,90,0,1
85536,-100,4,2,2,90,0,1
85772,-90.9090909090909,4,2,2,90,0,1
85929,-76.9230769230769,4,2,2,90,0,1
86086,-100,4,2,2,90,0,1
86243,-71.4285714285714,4,2,2,90,0,1
86400,-76.9230769230769,4,2,2,90,0,1
86713,-76.9230769230769,4,2,2,90,0,1
86714,-71.4285714285714,4,2,70,90,0,1
86792,-100,4,2,70,90,0,1
86793,-100,4,2,2,90,0,1
87028,-142.857142857143,4,2,2,90,0,1
87341,-100,4,2,2,90,0,1
87342,-100,4,2,66,90,0,1
87420,-100,4,2,66,90,0,1
87421,-100,4,2,2,90,0,1
87813,-133.333333333333,4,2,2,90,0,1
87969,-100,4,2,2,90,0,1
87970,-100,4,2,61,90,0,1
87971,-83.3333333333333,4,2,61,90,0,1
88048,-83.3333333333333,4,2,61,90,0,1
88049,-83.3333333333333,4,2,2,90,0,1
88599,-100,4,2,2,90,0,1
89070,-83.3333333333333,4,2,2,90,0,1
89226,-83.3333333333333,4,2,2,90,0,1
89227,-66.6666666666667,4,2,71,90,0,1
89305,-66.6666666666667,4,2,71,90,0,1
89306,-66.6666666666667,4,2,2,90,0,1
89541,-100,4,2,2,90,0,1
89698,-76.9230769230769,4,2,2,90,0,1
89854,-76.9230769230769,4,2,2,90,0,1
89855,-76.9230769230769,4,2,68,90,0,1
89933,-76.9230769230769,4,2,68,90,0,1
89934,-76.9230769230769,4,2,2,90,0,1
90169,-66.6666666666667,4,2,2,90,0,1
90482,-66.6666666666667,4,2,2,90,0,1
90483,-66.6666666666667,4,2,72,90,0,1
90561,-66.6666666666667,4,2,72,90,0,1
90562,-66.6666666666667,4,2,2,90,0,1
90641,-83.3333333333333,4,2,2,90,0,1
91426,-166.666666666667,4,2,2,90,0,1
91583,-100,4,2,2,90,0,1
91739,-76.9230769230769,4,2,2,90,0,1
91740,-76.9230769230769,4,2,61,90,0,1
91779,-76.9230769230769,4,2,61,90,0,1
91780,-76.9230769230769,4,2,2,90,0,1
91818,-76.9230769230769,4,2,2,90,0,1
91897,-100,4,2,2,90,0,1
92368,-100,4,2,2,90,0,1
92526,-66.6666666666667,4,2,2,90,0,1
92683,-100,4,2,2,90,0,0
92997,-166.666666666667,4,2,2,90,0,1
93311,-166.666666666667,4,2,2,90,0,0
93625,-500,4,2,2,90,0,1
93781,-500,4,2,2,90,0,1
93782,-100,4,2,2,5,0,0
93860,-100,4,2,2,5,0,0
93861,-100,4,2,2,90,0,1
94017,-100,4,2,2,90,0,1
94018,-100,4,2,2,5,0,0
94096,-500,4,2,2,5,0,1
94097,-500,4,2,2,90,0,1
94252,-500,4,2,2,90,0,1
94253,-100,4,2,2,5,0,0
94331,-100,4,2,2,5,0,0
94332,-100,4,2,2,90,0,1
94488,-100,4,2,2,90,0,1
94489,-100,4,2,2,5,0,0
94567,-666.666666666667,4,2,2,5,0,1
94568,-666.666666666667,4,2,2,90,0,1
94724,-100,4,2,2,90,0,0
94725,-100,4,2,2,5,0,0
94803,-100,4,2,2,5,0,1
94804,-100,4,2,2,90,0,1
94959,-100,4,2,2,90,0,1
94960,-100,4,2,2,5,0,0
95038,-100,4,2,2,5,0,0
95039,-100,4,2,2,90,0,1
95116,-100,4,2,2,90,0,1
95117,-100,4,2,2,5,0,1
95195,-100,4,2,2,5,0,1
95196,-100,4,2,2,90,0,0
95509,-100,4,2,2,90,0,0
95510,-76.9230769230769,4,2,64,90,0,1
95588,-66.6666666666667,4,2,64,90,0,1
95589,-66.6666666666667,4,2,2,90,0,1
95824,-100,4,2,2,90,0,1
96295,-76.9230769230769,4,2,2,90,0,1
96452,-100,4,2,2,90,0,1
96765,-100,4,2,2,90,0,1
96766,-100,4,2,65,90,0,1
96844,-100,4,2,65,90,0,1
96845,-100,4,2,2,90,0,1
97238,-76.9230769230769,4,2,2,90,0,1
97394,-76.9230769230769,4,2,2,90,0,1
97395,-83.3333333333333,4,2,66,90,0,1
97473,-100,4,2,66,90,0,1
97474,-100,4,2,2,90,0,1
97866,-76.9230769230769,4,2,2,90,0,1
98022,-83.3333333333333,4,2,2,90,0,1
98023,-100,4,2,61,90,0,1
98101,-66.6666666666667,4,2,61,90,0,1
98102,-66.6666666666667,4,2,2,90,0,1
98337,-100,4,2,2,90,0,1
98651,-100,4,2,2,90,0,1
98808,-76.9230769230769,4,2,2,90,0,1
98965,-66.6666666666667,4,2,2,90,0,1
99278,-76.9230769230769,4,2,2,90,0,1
99279,-76.9230769230769,4,2,67,90,0,1
99357,-76.9230769230769,4,2,67,90,0,1
99358,-76.9230769230769,4,2,2,90,0,1
99751,-90.9090909090909,4,2,2,90,0,1
99907,-100,4,2,2,90,0,1
99908,-100,4,2,68,90,0,1
99986,-66.6666666666667,4,2,68,90,0,1
99987,-66.6666666666667,4,2,2,90,0,1
100222,-100,4,2,2,90,0,1
100535,-100,4,2,2,90,0,1
100536,-66.6666666666667,4,2,69,90,0,1
100614,-66.6666666666667,4,2,69,90,0,1
100615,-66.6666666666667,4,2,2,90,0,1
101164,-100,4,2,2,90,0,1
101478,-66.6666666666667,4,2,2,90,0,1
101791,-66.6666666666667,4,2,2,90,0,1
101792,-66.6666666666667,4,2,61,90,0,1
101793,-66.6666666666667,4,2,61,90,0,1
101870,-66.6666666666667,4,2,61,90,0,1
101871,-66.6666666666667,4,2,2,90,0,1
102421,-83.3333333333333,4,2,2,90,0,1
102578,-100,4,2,2,90,0,1
103048,-66.6666666666667,4,2,2,90,0,1
103049,-66.6666666666667,4,2,66,90,0,1
103127,-142.857142857143,4,2,66,90,0,1
103128,-142.857142857143,4,2,2,90,0,1
103363,-83.3333333333333,4,2,2,90,0,1
103834,-66.6666666666667,4,2,2,90,0,1
103992,-76.9230769230769,4,2,2,90,0,1
104305,-76.9230769230769,4,2,2,90,0,1
104306,-76.9230769230769,4,2,62,90,0,1
104384,-142.857142857143,4,2,62,90,0,1
104385,-142.857142857143,4,2,2,90,0,1
104777,-100,4,2,2,90,0,1
104933,-142.857142857143,4,2,2,90,0,1
104934,-142.857142857143,4,2,63,90,0,1
105012,-66.6666666666667,4,2,63,90,0,1
105013,-66.6666666666667,4,2,2,90,0,1
105091,-66.6666666666667,4,2,2,90,0,1
105248,-66.6666666666667,4,2,2,90,0,1
105561,-100,4,2,2,90,0,1
105562,-100,4,2,64,90,0,1
105640,-142.857142857143,4,2,64,90,0,1
105641,-142.857142857143,4,2,2,90,0,1
105719,-66.6666666666667,4,2,2,90,0,1
106033,-66.6666666666667,4,2,2,90,0,1
106190,-66.6666666666667,4,2,2,90,0,1
106191,-66.6666666666667,4,2,2,90,0,1
106505,-100,4,2,2,90,0,1
106818,-66.6666666666667,4,2,2,90,0,1
106819,-66.6666666666667,4,2,70,90,0,1
106897,-142.857142857143,4,2,70,90,0,1
106898,-142.857142857143,4,2,2,90,0,1
107133,-100,4,2,2,90,0,1
107290,-66.6666666666667,4,2,2,90,0,1
107446,-142.857142857143,4,2,2,90,0,1
107447,-142.857142857143,4,2,66,90,0,1
107525,-142.857142857143,4,2,66,90,0,1
107526,-142.857142857143,4,2,2,90,0,1
108074,-66.6666666666667,4,2,2,90,0,1
108075,-66.6666666666667,4,2,61,90,0,1
108153,-142.857142857143,4,2,61,90,0,1
108154,-142.857142857143,4,2,2,90,0,1
108861,-100,4,2,2,90,0,1
109331,-142.857142857143,4,2,2,90,0,1
109332,-66.6666666666667,4,2,71,90,0,1
109410,-142.857142857143,4,2,71,90,0,1
109411,-142.857142857143,4,2,2,90,0,1
109646,-100,4,2,2,90,0,1
109803,-66.6666666666667,4,2,2,90,0,1
109959,-142.857142857143,4,2,2,90,0,1
109960,-142.857142857143,4,2,68,90,0,1
110038,-142.857142857143,4,2,68,90,0,1
110039,-142.857142857143,4,2,2,90,0,1
110274,-76.923076923077,4,2,2,90,0,1
110587,-142.857142857143,4,2,2,90,0,1
110588,-142.857142857143,4,2,72,90,0,1
110666,-142.857142857143,4,2,72,90,0,1
110667,-142.857142857143,4,2,2,90,0,1
111688,-1000,4,2,2,90,0,1
111844,-142.857142857143,4,2,2,90,0,1
111845,-1000,4,2,61,90,0,0
113101,-66.6666666666667,4,2,61,90,0,0
113102,-66.6666666666667,4,3,90,90,0,0
113337,-66.6666666666667,4,3,90,90,0,0
113573,-100,4,3,90,90,0,0
113730,-76.9230769230769,4,3,90,90,0,0
113887,-100,4,3,90,90,0,0
114515,-66.6666666666667,4,3,90,90,0,0
114672,-66.6666666666667,4,3,90,90,0,0
115143,-100,4,3,90,90,0,0
115615,-71.4285714285714,4,3,90,90,0,0
115929,-100,4,3,90,90,0,0
116243,-100,4,3,90,90,0,0
117499,-83.3333333333333,4,3,90,90,0,0
117814,-76.9230769230769,4,3,90,90,0,0
117971,-86.9565217391304,4,3,90,90,0,0
122210,-100,4,3,90,90,0,0
122525,-100,4,3,90,90,0,0
123154,-76.9230769230769,4,3,90,90,0,0
123468,-100,4,3,90,90,0,0
124096,-100,4,3,90,90,0,0
124410,-66.6666666666667,4,3,90,90,0,0
124725,-100,4,3,90,90,0,0
125039,-66.6666666666667,4,3,90,90,0,0
125196,-76.9230769230769,4,3,90,90,0,0
125667,-100,4,3,90,90,0,0
125824,-76.9230769230769,4,3,90,90,0,0
126295,-100,4,3,90,90,0,0
126609,-66.6666666666667,4,3,90,90,0,0
126766,-100,4,3,90,90,0,0
126923,-66.6666666666667,4,3,90,90,0,0
127238,-76.9230769230769,4,3,90,90,0,0
128023,-90.9090909090909,4,3,90,90,0,0
128494,-100,4,3,90,90,0,0
132027,-100,4,3,90,90,0,0
132578,-89.2857142857143,4,3,90,90,0,0
133205,-100,4,3,90,90,0,0
133244,-100,4,3,90,90,0,0
133245,-100,4,2,2,90,0,0
143258,-200,4,2,2,90,0,0
143259,-200,4,3,41,90,0,0
143299,-200,4,3,40,90,0,0
143888,-200,4,3,42,90,0,0
143927,-200,4,3,40,90,0,0
144516,-200,4,3,47,90,0,0
144555,-200,4,3,40,90,0,0
145144,-200,4,3,49,90,0,0
145183,-200,4,3,40,90,0,0
145772,-200,4,3,50,90,0,0
145812,-200,4,3,40,90,0,0
147029,-200,4,3,43,90,0,0
147068,-200,4,3,40,90,0,0
147657,-200,4,3,42,90,0,0
147697,-200,4,3,40,90,0,0
148286,-200,4,3,51,90,0,0
148325,-200,4,3,40,90,0,0
149542,-200,4,3,43,90,0,0
149581,-200,4,3,40,90,0,0
150170,-200,4,3,42,90,0,0
150210,-200,4,3,40,90,0,0
150799,-200,4,3,44,90,0,0
150838,-200,4,3,40,90,0,0
151427,-200,4,3,48,90,0,0
151466,-200,4,3,40,90,0,0
152055,-200,4,3,43,90,0,0
152094,-200,4,3,40,90,0,0
152683,-200,4,3,53,90,0,0
152723,-200,4,3,40,90,0,0
153311,-58.8235294117647,4,2,2,90,0,0
153625,-100,4,2,2,90,0,0
153939,-58.8235294117647,4,2,2,90,0,0
154096,-100,4,2,2,90,0,0
154410,-66.6666666666667,4,2,2,90,0,0
154724,-66.6666666666667,4,2,2,90,0,0
155510,-25,4,2,2,90,0,0
155667,-166.666666666667,4,2,2,90,0,0
155824,-43.4782608695652,4,2,2,90,0,0
156138,-100,4,2,2,90,0,0
157395,-66.6666666666667,4,2,2,90,0,0
157709,-66.6666666666667,4,2,2,90,0,0
158023,-25,4,2,2,90,0,0
158180,-100,4,2,2,90,0,0
158337,-68.9655172413793,4,2,2,90,0,0
158651,-100,4,2,2,90,0,0
158965,-71.4285714285714,4,2,2,90,0,0
159122,-83.3333333333333,4,2,2,90,0,0
159437,-71.4285714285714,4,2,2,90,0,0
159751,-66.6666666666667,4,2,2,90,0,0
160222,-100,4,2,2,90,0,0
160536,-25,4,2,2,90,0,0
160693,-100,4,2,2,90,0,0
160850,-66.6666666666667,4,2,2,90,0,0
161164,-76.9230769230769,4,2,2,90,0,0
162264,-142.857142857143,4,2,2,90,0,0
162421,-111.111111111111,4,2,2,90,0,0
162578,-90.9090909090909,4,2,2,90,0,0
162735,-100,4,2,2,90,0,0
163363,-83.3333333333333,4,2,2,90,0,0
163834,-142.857142857143,4,2,2,90,0,0
164306,-83.3333333333333,4,2,2,90,0,0
164620,-133.333333333333,4,2,2,90,0,0
164934,-66.6666666666667,4,2,2,90,0,0
165562,-76.9230769230769,4,2,2,90,0,0
165876,-100,4,2,2,90,0,0
166033,-66.6666666666667,4,2,2,90,0,0
166190,-76.9230769230769,4,2,2,90,0,0
166505,-100,4,2,2,90,0,0
167290,-66.6666666666667,4,2,2,90,0,0
167761,-76.9230769230769,4,2,2,90,0,0
167918,-66.6666666666667,4,2,2,90,0,0
168075,-66.6666666666667,4,2,2,90,0,0
169018,-100,4,2,2,90,0,0
169646,-76.9230769230769,4,2,2,90,0,0
170039,-100,4,2,2,90,0,0
170274,-83.3333333333333,4,2,2,90,0,0
170903,-100,4,2,2,90,0,0
171060,-66.6666666666667,4,2,2,90,0,0
172786,-25,4,2,2,90,0,0
172787,-25,4,2,60,90,0,0
172865,-25,4,2,60,90,0,0
172866,-25,4,2,20,90,0,0
173415,-25,4,2,20,90,0,0
173416,-100,4,2,61,90,0,0
173493,-100,4,2,61,90,0,0
173494,-100,4,2,20,90,0,0
174671,-100,4,2,20,90,0,0
174672,-100,4,2,62,90,0,0
174750,-100,4,2,62,90,0,0
174751,-100,4,2,20,90,0,0
175299,-100,4,2,20,90,0,0
175300,-100,4,2,63,90,0,0
175378,-100,4,2,63,90,0,0
175379,-100,4,2,20,90,0,0
175928,-100,4,2,20,90,0,0
175929,-100,4,2,64,90,0,0
176006,-100,4,2,64,90,0,0
176007,-100,4,2,20,90,0,0
177184,-100,4,2,20,90,0,0
177185,-100,4,2,65,90,0,0
177263,-100,4,2,65,90,0,0
177264,-100,4,2,20,90,0,0
177813,-100,4,2,20,90,0,0
177814,-100,4,2,66,90,0,0
177891,-100,4,2,66,90,0,0
177892,-100,4,2,20,90,0,0
178441,-100,4,2,20,90,0,0
178442,-100,4,2,61,90,0,0
178519,-100,4,2,61,90,0,0
178520,-100,4,2,20,90,0,0
179697,-100,4,2,20,90,0,0
179698,-100,4,2,67,90,0,0
179776,-100,4,2,67,90,0,0
179777,-100,4,2,20,90,0,0
180326,-100,4,2,20,90,0,0
180327,-100,4,2,68,90,0,0
180404,-100,4,2,68,90,0,0
180405,-100,4,2,20,90,0,0
180954,-100,4,2,20,90,0,0
180955,-100,4,2,69,90,0,0
181032,-100,4,2,69,90,0,0
181033,-100,4,2,20,90,0,0
182210,-100,4,2,20,90,0,0
182211,-100,4,2,61,90,0,0
182289,-100,4,2,61,90,0,0
182290,-100,4,2,20,90,0,0
183467,-100,4,2,20,90,0,0
183468,-100,4,2,66,90,0,0
183546,-100,4,2,66,90,0,0
183547,-100,4,2,20,90,0,0
184724,-100,4,2,20,90,0,0
184725,-100,4,2,62,90,0,0
184802,-100,4,2,62,90,0,0
184803,-100,4,2,20,90,0,0
185352,-100,4,2,20,90,0,0
185353,-100,4,2,63,90,0,0
185430,-100,4,2,63,90,0,0
185431,-100,4,2,20,90,0,0
185980,-100,4,2,20,90,0,0
185981,-100,4,2,64,90,0,0
186059,-100,4,2,64,90,0,0
186060,-100,4,2,20,90,0,0
187237,-100,4,2,20,90,0,0
187238,-100,4,2,70,90,0,0
187315,-100,4,2,70,90,0,0
187316,-100,4,2,20,90,0,0
187865,-100,4,2,20,90,0,0
187866,-100,4,2,66,90,0,0
187943,-100,4,2,66,90,0,0
187944,-100,4,2,20,90,0,0
188493,-100,4,2,20,90,0,0
188494,-100,4,2,61,90,0,0
188572,-100,4,2,61,90,0,0
188573,-100,4,2,20,90,0,0
189750,-100,4,2,20,90,0,0
189751,-100,4,2,71,90,0,0
189828,-100,4,2,71,90,0,0
189829,-100,4,2,20,90,0,0
190378,-100,4,2,20,90,0,0
190379,-100,4,2,68,90,0,0
190457,-100,4,2,68,90,0,0
190458,-100,4,2,20,90,0,0
191006,-75.7575757575758,4,2,20,90,0,0
191007,-75.7575757575758,4,2,72,90,0,0
191085,-43.4782608695652,4,2,72,90,0,0
191086,-43.4782608695652,4,2,20,90,0,0
193205,-100,4,2,20,90,0,0
193206,-100,4,2,2,90,0,0
193520,-55.5555555555556,4,2,2,90,0,1
193834,-156.25,4,2,2,90,0,0
194149,-66.6666666666667,4,2,2,90,0,1
194305,-100,4,2,2,90,0,1
194306,-100,4,2,2,5,0,0
194384,-37.037037037037,4,2,2,5,0,1
194385,-37.037037037037,4,2,2,90,0,1
194540,-100,4,2,2,90,0,1
194541,-100,4,2,2,5,0,0
194619,-100,4,2,2,5,0,0
194620,-37.037037037037,4,2,2,90,0,1
194776,-100,4,2,2,90,0,1
194777,-100,4,2,2,5,0,0
194855,-37.037037037037,4,2,2,5,0,1
194856,-37.037037037037,4,2,2,90,0,1
195011,-100,4,2,2,90,0,1
195012,-100,4,2,2,5,0,0
195090,-100,4,2,2,5,0,0
195091,-100,4,2,2,90,0,1
195247,-100,4,2,2,90,0,1
195248,-100,4,2,2,5,0,0
195326,-100,4,2,2,5,0,0
195327,-100,4,2,2,90,0,1
195483,-100,4,2,2,90,0,1
195484,-100,4,2,2,5,0,0
195561,-100,4,2,2,5,0,0
195562,-100,4,2,2,90,0,1
195640,-100,4,2,2,90,0,1
195641,-100,4,2,2,5,0,1
195718,-100,4,2,2,5,0,1
195719,-100,4,2,2,90,0,0
196032,-100,4,2,2,90,0,0
196033,-66.6666666666667,4,2,64,90,0,1
196111,-100,4,2,64,90,0,1
196112,-100,4,2,2,90,0,1
196819,-66.6666666666667,4,2,2,90,0,1
196976,-100,4,2,2,90,0,1
197288,-100,4,2,2,90,0,1
197289,-100,4,2,65,90,0,1
197367,-66.6666666666667,4,2,65,90,0,1
197368,-66.6666666666667,4,2,2,90,0,1
197604,-66.6666666666667,4,2,2,90,0,1
197761,-83.3333333333333,4,2,2,90,0,1
197917,-100,4,2,2,90,0,1
197918,-100,4,2,66,90,0,1
197996,-66.6666666666667,4,2,66,90,0,1
197997,-66.6666666666667,4,2,2,90,0,1
198232,-66.6666666666667,4,2,2,90,0,1
198389,-66.6666666666667,4,2,2,90,0,1
198545,-66.6666666666667,4,2,2,90,0,1
198546,-66.6666666666667,4,2,61,90,0,1
198624,-100,4,2,61,90,0,1
198625,-100,4,2,2,90,0,1
198861,-75.7575757575758,4,2,2,90,0,1
199175,-100,4,2,2,90,0,1
199332,-66.6666666666667,4,2,2,90,0,1
199801,-100,4,2,2,90,0,1
199802,-100,4,2,67,90,0,1
199880,-100,4,2,67,90,0,1
199881,-100,4,2,2,90,0,1
199960,-66.6666666666667,4,2,2,90,0,1
200117,-66.6666666666667,4,2,2,90,0,1
200430,-90.9090909090909,4,2,2,90,0,1
200431,-90.9090909090909,4,2,68,90,0,1
200509,-66.6666666666667,4,2,68,90,0,1
200510,-66.6666666666667,4,2,2,90,0,1
201058,-66.6666666666667,4,2,2,90,0,1
201059,-66.6666666666667,4,2,69,90,0,1
201137,-66.6666666666667,4,2,69,90,0,1
201138,-66.6666666666667,4,2,2,90,0,1
201374,-66.6666666666667,4,2,2,90,0,1
201688,-100,4,2,2,90,0,1
201845,-66.6666666666667,4,2,2,90,0,1
202002,-66.6666666666667,4,2,2,90,0,1
202314,-76.9230769230769,4,2,2,90,0,1
202315,-76.9230769230769,4,2,61,90,0,1
202393,-66.6666666666667,4,2,61,90,0,1
202394,-66.6666666666667,4,2,2,90,0,1
203102,-100,4,2,2,90,0,1
203571,-66.6666666666667,4,2,2,90,0,1
203572,-66.6666666666667,4,2,66,90,0,1
203650,-100,4,2,66,90,0,1
203651,-100,4,2,2,90,0,1
204201,-66.6666666666667,4,2,2,90,0,1
204358,-66.6666666666667,4,2,2,90,0,1
204515,-76.9230769230769,4,2,2,90,0,1
204828,-100,4,2,2,90,0,1
204829,-100,4,2,62,90,0,1
204907,-66.6666666666667,4,2,62,90,0,1
204908,-66.6666666666667,4,2,2,90,0,1
205143,-100,4,2,2,90,0,1
205456,-76.9230769230769,4,2,2,90,0,1
205457,-76.9230769230769,4,2,63,90,0,1
205535,-100,4,2,63,90,0,1
205536,-100,4,2,2,90,0,1
205615,-66.6666666666667,4,2,2,90,0,1
206084,-100,4,2,2,90,0,1
206085,-100,4,2,64,90,0,1
206163,-100,4,2,64,90,0,1
206164,-100,4,2,2,90,0,1
206400,-66.6666666666667,4,2,2,90,0,1
206714,-100,4,2,2,90,0,1
206871,-66.6666666666667,4,2,2,90,0,1
207341,-100,4,2,2,90,0,1
207342,-100,4,2,70,90,0,1
207420,-100,4,2,70,90,0,1
207421,-100,4,2,2,90,0,1
207656,-66.6666666666667,4,2,2,90,0,1
207969,-100,4,2,2,90,0,1
207970,-100,4,2,66,90,0,1
207971,-66.6666666666667,4,2,66,90,0,1
208048,-66.6666666666667,4,2,66,90,0,1
208049,-66.6666666666667,4,2,2,90,0,1
208285,-100,4,2,2,90,0,1
208442,-66.6666666666667,4,2,2,90,0,1
208597,-62.5,4,2,2,90,0,1
208598,-62.5,4,2,61,90,0,1
208676,-100,4,2,61,90,0,1
208677,-100,4,2,2,90,0,1
209384,-100,4,2,2,90,0,1
209698,-100,4,2,2,90,0,1
209854,-100,4,2,2,90,0,1
209855,-66.6666666666667,4,2,71,90,0,1
209933,-100,4,2,71,90,0,1
209934,-100,4,2,2,90,0,1
210327,-83.3333333333333,4,2,2,90,0,1
210482,-100,4,2,2,90,0,1
210483,-100,4,2,68,90,0,1
210561,-100,4,2,68,90,0,1
210562,-100,4,2,2,90,0,1
211110,-100,4,2,2,90,0,1
211111,-100,4,2,72,90,0,1
211189,-100,4,2,72,90,0,1
211190,-100,4,2,2,90,0,1
211897,-66.6666666666667,4,2,2,90,0,1
212369,-1000,4,2,61,90,0,0
212446,-100,4,2,61,90,0,0
212447,-100,4,2,2,90,0,0


[Colours]
Combo1 : 128,128,255
Combo2 : 255,128,64
Combo3 : 255,130,130
Combo4 : 255,255,128

[HitObjects]
40,78,2526,6,0,L|119:70,1,65,2|2,0:0|0:0,0:0:0:0:
130,83,2840,1,2,0:0:0:0:
306,4,2997,5,2,0:0:0:0:
259,18,3154,1,2,0:0:0:0:
213,33,3311,1,2,0:0:0:0:
130,83,3468,5,2,0:0:0:0:
178,220,3625,1,2,0:0:0:0:
137,364,3782,1,2,0:0:0:0:
209,305,3939,5,2,0:0:0:0:
209,305,4253,5,2,0:0:0:0:
321,234,4410,1,2,0:0:0:0:
294,318,4567,1,2,0:0:0:0:
364,371,4724,1,2,0:0:0:0:
507,282,4882,6,0,L|448:293,1,45.4999986114502,2|2,0:0|0:0,0:0:0:0:
443,280,5196,2,0,L|452:227,1,45.4999986114502,2|2,0:0|0:0,0:0:0:0:
512,146,5510,5,2,0:0:0:0:
405,92,5667,2,0,L|315:107,1,84.4999961318971,2|2,0:0|0:0,0:0:0:0:
428,0,5981,5,2,0:0:0:0:
405,92,6138,1,2,0:0:0:0:
379,179,6295,1,2,0:0:0:0:
375,364,6452,5,2,0:0:0:0:
444,305,6609,1,2,0:0:0:0:
444,305,6766,1,2,0:0:0:0:
375,364,6923,5,2,0:0:0:0:
262,270,7081,1,2,0:0:0:0:
61,335,7238,1,2,0:0:0:0:
8,260,7395,6,0,B|5:157,1,84.4999961318971,2|2,0:0|0:0,0:0:0:0:
30,119,7709,2,0,L|18:203,1,84.4999961318971,2|2,0:0|0:0,0:0:0:0:
229,180,8023,1,2,0:0:0:0:
158,120,8180,5,2,0:0:0:0:
98,60,8337,1,2,0:0:0:0:
158,0,8494,1,2,0:0:0:0:
217,60,8651,1,2,0:0:0:0:
322,77,8808,5,2,0:0:0:0:
400,34,8965,2,0,L|506:48,1,97.50000371933,2|2,0:0|0:0,0:0:0:0:
441,152,9280,1,2,0:0:0:0:
488,212,9437,5,2,0:0:0:0:
320,168,9594,1,2,0:0:0:0:
320,168,9751,1,2,0:0:0:0:
396,262,9908,5,2,0:0:0:0:
457,330,10065,1,2,0:0:0:0:
324,384,10222,2,0,L|336:328,1,45.4999986114502,2|2,0:0|0:0,0:0:0:0:
192,229,10536,5,2,0:0:0:0:
49,337,10693,5,2,0:0:0:0:
96,351,10850,1,2,0:0:0:0:
142,366,11007,1,2,0:0:0:0:
32,203,11164,5,2,0:0:0:0:
14,77,11321,1,2,0:0:0:0:
162,160,11478,2,0,L|146:271,1,97.50000371933,2|2,0:0|0:0,0:0:0:0:
206,309,11793,1,2,0:0:0:0:
366,274,11950,5,2,0:0:0:0:
432,151,12107,1,2,0:0:0:0:
391,6,12264,1,2,0:0:0:0:
364,191,12421,1,2,0:0:0:0:
307,54,12578,6,0,B|224:47|199:90|216:85|178:154|80:123,1,221.000004215241,2|2,0:0|0:0,0:0:0:0:
44,37,12892,5,2,0:0:0:0:
22,30,12971,1,0,0:0:0:0:
22,8,13049,1,2,0:0:0:0:
44,1,13128,1,0,0:0:0:0:
58,19,13206,2,0,B|53:53|53:53|52:55|52:55|55:57|55:57|50:61|50:61|44:107,1,65,2|0,0:0|0:0,0:0:0:0:
109,129,13363,2,0,P|102:169|72:203,1,65,2|0,0:0|0:0,0:0:0:0:
26,330,13520,6,0,L|34:271,1,32.5,2|0,0:0|0:0,0:0:0:0:
53,331,13599,2,0,L|43:276,1,32.5,0|0,0:0|0:0,0:0:0:0:
79,324,13677,2,0,L|59:271,1,32.5,2|0,0:0|0:0,0:0:0:0:
98,313,13756,2,0,L|69:266,1,32.5,0|0,0:0|0:0,0:0:0:0:
167,279,13834,6,0,P|225:271|256:288,1,65,2|0,0:0|0:0,0:0:0:0:
291,324,13991,2,0,P|349:332|386:300,1,65,2|0,0:0|0:0,0:0:0:0:
412,152,14149,5,0,0:0:0:0:
398,173,14227,1,0,0:0:0:0:
432,209,14306,1,2,0:0:0:0:
418,252,14384,1,0,0:0:0:0:
428,295,14463,6,0,L|456:330,10,32.5,2|0|0|0|0|0|0|0|0|0|0,0:0|0:0|0:0|0:0|0:0|0:0|0:0|0:0|0:0|0:0|0:0,0:0:0:0:
512,101,14934,6,0,B|431:99|406:142|423:137|385:206|287:175,1,221.000004215241,2|2,0:0|0:0,0:0:0:0:
241,62,15169,5,0,0:0:0:0:
232,54,15248,2,0,B|298:44|324:-8|324:-8|308:51|348:110,1,221.000004215241,2|2,0:0|0:0,0:0:0:0:
235,216,15562,1,2,0:0:0:0:
235,216,15641,1,0,0:0:0:0:
235,216,15719,6,0,P|223:178|234:130,1,65,2|0,0:0|0:0,0:0:0:0:
97,226,15876,2,0,P|115:190|157:164,1,65,2|0,0:0|0:0,0:0:0:0:
58,67,16033,6,0,L|100:71,3,32.5,2|0|0|0,0:0|0:0|0:0|0:0,0:0:0:0:
34,46,16190,2,0,L|-8:50,2,32.5,2|0|0,0:0|0:0|0:0,0:0:0:0:
338,93,16347,6,0,L|331:173,1,65,2|0,0:0|0:0,0:0:0:0:
458,74,16505,2,0,L|471:175,1,97.50000371933,2|0,0:0|0:0,0:0:0:0:
463,277,16662,6,0,L|421:266,2,32.5,2|0|0,0:0|0:0|0:0,0:0:0:0:
508,354,16819,2,0,L|433:362,1,65,2|0,0:0|0:0,0:0:0:0:
347,384,16976,6,0,P|327:358|324:326,1,65,2|0,0:0|0:0,0:0:0:0:
244,333,17133,2,0,P|243:300|272:261,1,71.5000021820069,2|0,0:0|0:0,0:0:0:0:
330,203,17290,6,0,P|330:170|304:126,1,77.999997619629,2|0,0:0|0:0,0:0:0:0:
231,125,17447,2,0,P|206:158|204:200,1,84.4999961318971,2|0,0:0|0:0,0:0:0:0:
77,383,17604,6,0,B|45:350|45:350|61:282|61:282|107:264|107:264|126:178|126:178|86:132,1,292.50001115799,2|0,0:0|0:0,0:0:0:0:
36,113,17918,2,0,P|15:129|9:161,4,48.750001859665,2|0|0|0|2,0:0|0:0|0:0|0:0|0:0,0:0:0:0:
81,17,18232,5,2,0:0:0:0:
98,43,18311,1,0,0:0:0:0:
158,36,18389,1,2,0:0:0:0:
214,18,18468,1,0,0:0:0:0:
245,59,18546,6,0,L|226:151,1,65,2|0,0:0|0:0,0:0:0:0:
314,0,18704,2,0,L|333:92,1,65,2|0,0:0|0:0,0:0:0:0:
512,131,18861,2,0,P|477:98|416:101,1,65,2|0,0:0|0:0,0:0:0:0:
390,131,19018,2,0,L|403:178,2,32.5,2|0|0,0:0|0:0|0:0,0:0:0:0:
299,258,19175,6,0,L|378:248,1,65,2|0,0:0|0:0,0:0:0:0:
443,280,19332,2,0,L|522:270,1,65,2|0,0:0|0:0,0:0:0:0:
371,361,19489,2,0,P|371:351|388:320,6,32.5,2|0|0|0|0|0|0,0:0|0:0|0:0|0:0|0:0|0:0|0:0,0:0:0:0:
281,362,19803,6,0,L|241:371,1,32.5,2|0,0:0|0:0,0:0:0:0:
261,362,19882,2,0,L|221:358,1,32.5,0|0,0:0|0:0,0:0:0:0:
235,347,19960,2,0,L|201:357,1,32.5,2|0,0:0|0:0,0:0:0:0:
256,192,20039,12,10,22316,0:0:0:0:
14,78,22630,6,0,P|70:37|190:81,1,195.00000743866,6|2,0:2|0:2,0:0:0:0:
261,57,22866,1,0,0:0:0:0:
261,57,22944,2,0,P|256:103|220:139,1,65,10|0,2:3|0:0,0:0:0:0:
229,197,23101,2,0,P|192:225|152:225,1,65,2|0,0:2|0:0,0:0:0:0:
0,178,23258,6,0,B|110:140|110:140|96:179|111:205,1,168.999992263794,2|2,0:2|0:2,0:0:0:0:
241,368,23494,5,0,0:0:0:0:
252,381,23573,2,0,B|242:295|242:295|236:288|236:288|247:273|247:273|238:266|238:266|225:157,1,195.00000743866,10|0,0:2|0:0,0:0:0:0:
167,321,23808,1,0,0:0:0:0:
167,321,23887,1,2,0:2:0:0:
338,369,24044,2,0,L|328:289,1,65,2|0,0:2|0:0,0:0:0:0:
418,254,24201,6,0,P|399:245|377:247,1,32.5,10|0,2:3|0:0,0:0:0:0:
388,245,24358,2,0,L|469:237,1,65,2|0,0:2|0:0,0:0:0:0:
439,0,24515,6,0,P|437:43|415:74,1,65,2|0,0:2|0:0,0:0:0:0:
512,179,24672,2,0,P|488:141|490:104,1,65,2|0,0:2|0:0,0:0:0:0:
131,40,24829,2,0,B|336:12|336:12|275:20|253:85,1,292.50001115799,10|0,0:2|0:0,0:0:0:0:
332,156,25143,2,0,B|350:121|350:121|332:76,1,65,2|0,0:2|0:0,0:0:0:0:
211,29,25300,6,0,B|220:92|220:92|217:95|217:95|224:100|224:100|222:110|222:110|230:170,1,130,2|10,0:2|2:3,0:0:0:0:
12,118,25615,1,2,0:2:0:0:
12,118,25693,1,0,0:0:0:0:
12,118,25772,6,0,L|85:125,1,65,2|0,0:2|0:0,0:0:0:0:
227,152,25929,2,0,L|154:159,1,65,2|0,0:2|0:0,0:0:0:0:
38,376,26086,6,0,B|51:303|4:248|4:248|54:280|103:265,1,233.999992858887,10|0,0:2|0:0,0:0:0:0:
159,319,26400,2,0,P|177:292|180:260,1,65,2|0,0:2|0:0,0:0:0:0:
326,128,26557,5,2,0:2:0:0:
326,128,26635,1,0,0:0:0:0:
326,128,26714,2,0,P|339:178|328:205,1,65,10|0,2:3|0:0,0:0:0:0:
288,384,26871,2,0,P|308:359|338:347,1,65,2|0,0:2|0:0,0:0:0:0:
512,237,27028,6,0,B|413:250|413:250|402:245|402:245|389:269|389:269|375:262|375:262|261:278,1,253.499988395691,2|0,0:2|0:0,0:0:0:0:
466,6,27342,2,0,B|431:98|466:159|466:159|455:104|429:77,1,233.999992858887,10|0,0:2|0:0,0:0:0:0:
133,33,27656,6,0,P|193:12|268:38,1,130,2|2,0:2|0:2,0:0:0:0:
333,6,27892,1,0,0:0:0:0:
341,0,27971,2,0,P|349:30|281:112,1,130,10|2,2:3|0:2,0:0:0:0:
9,168,28206,5,0,0:0:0:0:
9,168,28285,2,0,P|42:161|72:135,1,65,2|0,0:2|0:0,0:0:0:0:
302,184,28442,2,0,P|269:177|239:151,1,65,2|0,0:2|0:0,0:0:0:0:
151,216,28599,6,0,L|93:225,2,32.5,10|0|0,0:2|0:0|0:0,0:0:0:0:
160,208,28756,2,0,L|150:299,1,84.4999961318971,0|0,0:0|0:0,0:0:0:0:
503,353,28913,2,0,P|465:290|347:328,1,195.00000743866,2|2,0:2|0:2,0:0:0:0:
301,363,29149,1,0,0:0:0:0:
301,363,29227,2,0,P|276:320|285:289,1,65,10|0,2:3|0:0,0:0:0:0:
391,263,29384,6,0,L|401:187,1,65,2|0,0:2|0:0,0:0:0:0:
511,0,29541,1,2,0:2:0:0:
511,0,29698,2,0,L|503:64,1,65,2|0,0:2|0:0,0:0:0:0:
490,195,29855,6,0,P|410:184|401:74,1,195,10|0,0:2|0:0,0:0:0:0:
426,9,30169,2,0,P|393:1|354:14,1,65,2|0,0:2|0:0,0:0:0:0:
281,197,30327,6,0,B|273:138|273:138|275:136|275:136|266:129|266:129|269:125|269:125|261:62,1,130,2|10,0:2|2:3,0:0:0:0:
14,32,30641,1,2,0:2:0:0:
14,32,30719,1,0,0:0:0:0:
14,32,30798,2,0,P|30:59|55:77,1,65,2|0,0:2|0:0,0:0:0:0:
194,0,30955,2,0,P|179:29|153:48,1,65,2|0,0:2|0:0,0:0:0:0:
0,255,31112,6,0,B|35:218|29:165|29:165|100:188|100:188|103:186|103:186|106:189|106:189|188:217,1,253.499988395691,10|0,0:2|0:0,0:0:0:0:
387,178,31426,6,0,B|249:243|249:243|281:229|300:186,1,201.500001537323,2|0,0:2|0:0,0:0:0:0:
136,178,31583,6,0,B|144:236|144:236|142:240|142:240|153:249|153:249|151:258|151:258|161:333,1,155.999995239258,2|0,0:2|2:3,0:0:0:0:
253,348,31897,5,2,0:2:0:0:
267,334,31976,1,0,0:0:0:0:
253,320,32054,1,8,0:0:0:0:
160,326,32211,6,0,L|163:342,6,9.74999970245362,2|0|0|0|0|0|0,0:2|0:0|0:0|0:0|0:0|0:0|0:0,0:0:0:0:
485,344,32525,6,0,B|458:320|458:320|410:331,1,65,8|0,0:0|0:0,0:0:0:0:
350,339,32683,2,0,B|384:374|384:374|433:330|428:234|388:197,1,221.000004215241,6|2,0:2|0:2,0:0:0:0:
323,188,32918,1,0,0:0:0:0:
323,188,32997,2,0,P|359:144|456:147,1,130,10|2,2:3|0:2,0:0:0:0:
500,33,33232,5,0,0:0:0:0:
512,43,33311,2,0,P|455:49|387:-19,1,130,2|2,0:2|0:2,0:0:0:0:
304,70,33625,5,10,0:2:0:0:
284,77,33704,1,0,0:0:0:0:
295,54,33782,5,0,0:0:0:0:
277,61,33861,1,0,0:0:0:0:
232,0,33939,6,0,L|254:135,1,130,2|2,0:2|0:2,0:0:0:0:
124,16,34175,1,0,0:0:0:0:
133,3,34253,2,0,B|149:88|149:88|146:94|146:94|167:210,1,195.00000743866,10|2,2:3|0:2,0:0:0:0:
157,278,34489,1,0,0:0:0:0:
157,278,34567,2,0,P|182:277|231:235,1,65,2|0,0:2|0:0,0:0:0:0:
63,121,34724,6,0,L|78:207,1,65,2|0,0:2|0:0,0:0:0:0:
36,296,34882,2,0,P|95:267|179:293,1,130,10|2,0:2|0:2,0:0:0:0:
278,384,35196,6,0,B|270:270|343:322|331:186,1,195.00000743866,2|2,0:2|0:2,0:0:0:0:
385,142,35431,1,0,0:0:0:0:
385,142,35510,2,0,P|365:127|295:135,1,65,10|0,2:3|0:0,0:0:0:0:
246,229,35667,6,0,L|184:246,1,65,2|0,0:2|0:0,0:0:0:0:
443,341,35824,2,0,P|380:308|316:328,1,130,2|2,0:2|0:2,0:0:0:0:
412,34,36060,5,0,0:0:0:0:
400,47,36138,2,0,B|420:239|420:239|420:193|460:169,1,253.499988395691,10|0,0:2|0:0,0:0:0:0:
482,106,36452,2,0,L|412:119,1,65,2|0,0:2|0:0,0:0:0:0:
222,188,36609,6,0,L|246:121,1,65,2|0,0:2|0:0,0:0:0:0:
212,39,36766,2,0,B|277:22|277:22|332:96,1,130,10|2,2:3|0:2,0:0:0:0:
322,358,37080,6,0,B|282:308|278:265|278:265|271:266|271:266|280:265|280:265|265:219|282:148|282:148|243:200|150:195,1,312,2|0,0:2|0:0,0:0:0:0:
152,384,37395,2,0,P|116:380|188:346,1,253.499988395691,10|0,0:2|0:0,0:0:0:0:
54,330,37709,6,0,P|80:284|53:162,1,168.999992263794,2|2,0:2|0:2,0:0:0:0:
0,119,37944,1,0,0:0:0:0:
0,119,38023,2,0,P|59:89|130:132,1,130,10|2,2:3|0:2,0:0:0:0:
351,28,38337,6,0,L|374:22,6,16.25,2|0|0|0|2|0|0,0:2|0:0|0:0|0:0|0:2|0:0|0:0,0:0:0:0:
351,28,38651,6,0,P|298:50|223:17,1,130,10|0,0:2|0:0,0:0:0:0:
114,111,38965,6,0,L|122:162,1,32.5,2|0,0:2|0:0,0:0:0:0:
129,110,39044,2,0,L|123:161,1,32.5,0|0,0:0|0:0,0:0:0:0:
143,112,39122,2,0,L|124:160,1,32.5,2|0,0:2|0:0,0:0:0:0:
156,118,39201,2,0,L|125:159,1,32.5,0|0,0:0|0:0,0:0:0:0:
215,180,39279,6,0,B|307:171|307:171|315:165|315:165|432:155,1,195,10|0,2:3|0:0,0:0:0:0:
495,55,39594,6,0,B|459:48|459:48|422:83,1,65,2|0,0:2|0:0,0:0:0:0:
479,270,39751,2,0,L|490:205,1,65,2|0,0:2|0:0,0:0:0:0:
319,375,39908,6,0,L|274:385,6,32.5,10|0|0|0|2|0|0,0:2|0:0|0:0|0:0|0:2|0:0|0:0,0:0:0:0:
377,307,40222,6,0,P|350:296|301:296,1,65,2|0,0:2|0:0,0:0:0:0:
137,384,40379,2,0,P|164:373|213:373,1,65,2|0,0:2|0:0,0:0:0:0:
0,248,40536,6,0,P|49:238|207:289,1,195,10|0,2:3|0:0,0:0:0:0:
260,241,40850,2,0,P|267:185|194:144,1,130,2|2,0:2|0:2,0:0:0:0:
105,15,41086,5,0,0:0:0:0:
118,29,41164,2,0,B|135:140|53:101|63:222,1,195.00000743866,10|0,0:2|0:0,0:0:0:0:
111,272,41400,1,0,0:0:0:0:
111,272,41478,1,2,0:2:0:0:
213,143,41635,6,0,L|242:36,1,90.9999972229005,2|0,0:2|0:0,0:0:0:0:
343,105,41950,2,0,L|385:23,1,65,2|0,0:2|0:0,0:0:0:0:
470,103,42264,2,0,L|497:69,1,38.9999988098145,2|0,0:2|2:3,0:0:0:0:
397,349,42735,6,0,P|299:327|134:356,1,260,6|0,0:0|0:0,0:0:0:0:
0,195,43206,6,0,P|46:217|60:265,1,81.25,0|0,3:0|0:0,0:0:0:0:
144,384,43363,2,0,P|119:287|201:257,1,195.00000743866,10|0,0:0|3:0,0:0:0:0:
156,82,43834,1,0,3:0:0:0:
156,82,43913,1,0,0:0:0:0:
156,82,43992,2,0,P|138:142|115:190,1,97.50000371933,2|0,3:0|3:0,0:0:0:0:
244,0,44306,5,0,3:0:0:0:
250,45,44384,1,0,3:0:0:0:
262,90,44463,1,0,3:0:0:0:
281,132,44541,1,0,3:0:0:0:
304,172,44620,1,10,3:0:0:0:
381,235,44777,5,2,3:0:0:0:
360,38,44934,2,0,B|371:-6|371:-6|425:51|419:98|378:145,1,195,2|0,3:0|0:0,0:0:0:0:
495,207,45248,6,0,P|385:209|308:249,1,195.00000743866,2|0,3:0|3:0,0:0:0:0:
252,294,45641,1,0,0:0:0:0:
252,294,45719,1,0,3:0:0:0:
368,354,45876,6,0,P|373:317|358:280,1,48.750001859665,8|0,3:0|0:0,0:0:0:0:
175,278,46033,2,0,P|243:266|324:302,2,130,0|0|0,3:0|3:0|3:0,0:0:0:0:
89,361,46505,6,0,P|23:313|96:219,1,195.00000743866,2|0,3:0|3:0,0:0:0:0:
175,278,46976,1,0,3:0:0:0:
161,148,47133,5,10,3:0:0:0:
42,15,47290,2,0,L|77:212,1,195.00000743866,2|2,3:0|3:0,0:0:0:0:
248,72,47761,5,6,3:0:0:0:
331,130,47918,1,0,3:0:0:0:
277,261,48075,1,0,3:0:0:0:
347,371,48232,1,0,3:0:0:0:
277,261,48389,6,0,L|119:237,1,146.250005578995,10|0,3:0|3:0,0:0:0:0:
75,352,48704,2,0,P|42:282|26:250,1,97.50000371933,0|0,3:0|3:0,0:0:0:0:
106,152,49018,6,0,P|125:61|24:147,1,311.999990478516,2|0,3:0|3:0,0:0:0:0:
10,131,49489,1,0,3:0:0:0:
231,30,49646,5,10,3:0:0:0:
231,30,49803,2,0,L|245:100,1,52,2|0,3:0|0:0,0:0:0:0:
338,13,49960,2,0,L|315:134,1,104,2|0,3:0|3:0,0:0:0:0:
435,41,50274,2,0,L|376:240,1,195.00000743866,2|0,3:0|3:0,0:0:0:0:
161,215,50902,5,10,3:0:0:0:
244,186,51060,1,0,3:0:0:0:
161,215,51217,1,0,3:0:0:0:
244,186,51375,1,0,0:0:0:0:
293,281,51531,5,2,3:0:0:0:
353,345,51689,1,0,3:0:0:0:
293,281,51845,1,0,3:0:0:0:
353,345,52003,1,0,3:0:0:0:
79,368,52159,5,10,3:0:0:0:
26,302,52316,1,2,3:0:0:0:
26,302,52630,1,2,3:0:0:0:
91,251,52787,6,0,B|100:186|100:186|95:175|95:175|106:101,1,130,6|0,3:0|3:0,0:0:0:0:
6,74,53023,1,0,0:0:0:0:
0,66,53101,2,0,B|71:55|95:91|80:105|120:142|184:135,1,195,0|0,3:0|0:0,0:0:0:0:
201,52,53416,6,0,B|191:33|202:3|202:3|220:61|288:88|350:72,1,224.250004277229,10|0,3:0|3:0,0:0:0:0:
383,4,53730,2,0,P|428:-10|392:57,1,146.250005578995,0|0,3:0|0:0,0:0:0:0:
343,73,54044,2,0,B|323:92|323:92|347:176,1,97.50000371933,2|0,3:0|3:0,0:0:0:0:
401,213,54279,2,0,L|431:200,1,24.3750009298325,0|0,3:0|0:0,0:0:0:0:
391,229,54358,2,0,L|421:217,1,24.3750009298325,0|0,3:0|0:0,0:0:0:0:
291,252,54515,1,0,3:0:0:0:
256,384,54672,5,10,3:0:0:0:
124,348,54829,1,2,3:0:0:0:
159,216,54986,1,2,3:0:0:0:
291,252,55143,1,0,3:0:0:0:
206,299,55300,6,0,P|152:286|46:330,1,146.250005578995,2|0,3:0|3:0,0:0:0:0:
67,311,55615,2,0,P|37:272|51:215,1,97.50000371933,0|0,3:0|0:0,0:0:0:0:
13,28,55929,2,0,B|52:91|52:91|13:154|13:154,1,146.250005578995,8|0,3:0|0:0,0:0:0:0:
14,152,56243,2,0,B|51:130|51:130|127:160,1,97.50000371933,0|0,3:0|0:0,0:0:0:0:
153,14,56557,6,0,B|168:98|168:98|177:104|177:104|196:218,1,195.00000743866,2|0,3:0|3:0,0:0:0:0:
193,201,57028,1,0,3:0:0:0:
296,136,57185,2,0,P|302:106|277:61,1,48.750001859665,10|0,3:0|0:0,0:0:0:0:
273,13,57342,6,0,P|259:71|281:9,1,260,2|2,3:0|3:0,0:0:0:0:
505,104,57813,2,0,P|502:158|383:142,1,195,6|0,0:0|0:0,0:0:0:0:
389,157,58128,2,0,P|366:204|398:265,1,97.50000371933,0|0,3:0|3:0,0:0:0:0:
505,376,58442,6,0,P|464:343|357:365,1,146.250005578995,8|0,3:0|3:0,0:0:0:0:
302,384,58756,2,0,P|294:332|336:281,1,97.50000371933,0|0,3:0|3:0,0:0:0:0:
269,213,59070,2,0,B|221:200|221:200|151:243,1,97.50000371933,2|0,3:0|3:0,0:0:0:0:
145,293,59306,1,0,0:0:0:0:
152,310,59384,1,0,3:0:0:0:
180,225,59541,1,0,3:0:0:0:
10,350,59698,6,0,L|44:315,1,48.750001859665,10|0,3:0|0:0,0:0:0:0:
82,194,59855,2,0,L|90:243,1,48.750001859665,2|0,3:0|0:0,0:0:0:0:
216,349,60012,2,0,L|119:329,1,97.50000371933,2|0,3:0|3:0,0:0:0:0:
0,47,60327,6,0,P|27:28|160:97,1,195.00000743866,2|0,3:0|3:0,0:0:0:0:
157,86,60798,1,0,3:0:0:0:
397,77,60955,6,0,P|370:58|237:127,1,195.00000743866,10|0,3:0|3:0,0:0:0:0:
239,116,61426,1,0,3:0:0:0:
342,328,61583,5,2,3:0:0:0:
342,328,62211,1,2,3:0:0:0:
479,350,62840,6,0,B|488:316|488:316|446:335|400:326|400:326|391:338|391:338|338:325|294:349|294:349|343:318|346:256|346:256,1,331.500006322861,14|0,0:0|0:0,0:0:0:0:
451,67,63154,2,0,B|456:35|430:23|430:23|403:62|354:61|354:61|351:123|397:144|397:144|403:141|403:141|459:167|448:230,1,331.500006322861,0|0,0:0|0:0,0:0:0:0:
441,218,63468,1,2,0:0:0:0:
191,150,63625,6,0,P|208:130|266:163,1,97.50000371933,10|0,0:0|0:0,0:0:0:0:
91,223,63782,6,0,L|-5:237,1,77.999997619629,10|0,0:0|0:0,0:0:0:0:
13,234,63939,2,0,P|19:235|49:268,1,48.750001859665,2|0,0:0|0:0,0:0:0:0:
128,371,64096,6,0,P|115:351|122:296,1,65,10|0,0:0|0:0,0:0:0:0:
332,346,64253,2,0,B|261:338|261:338|255:332|255:332|205:326,1,130,10|2,0:0|0:0,0:0:0:0:
205,326,64567,6,0,P|224:292|266:269,1,65,10|0,0:0|0:0,0:0:0:0:
317,236,64724,2,0,P|354:225|400:238,1,65,10|0,0:0|0:0,0:0:0:0:
507,288,64882,6,0,P|486:263|458:249,1,65,2|0,0:0|0:0,0:0:0:0:
379,228,65039,2,0,L|393:148,1,65,10|0,0:0|0:0,0:0:0:0:
410,32,65196,2,0,L|417:-8,2,32.5,10|0|0,0:0|0:0|0:0,0:0:0:0:
270,147,65353,5,6,0:0:0:0:
169,74,65510,2,0,B|156:53|156:53|178:0,1,65,0|0,1:0|0:0,0:0:0:0:
330,38,65667,6,0,B|263:49|263:49|259:58|259:58|126:82,1,168.999992263794,0|0,0:0|0:0,0:0:0:0:
2,31,65981,2,0,B|36:-1|36:-1|85:46,1,84.4999961318971,2|0,0:0|0:0,0:0:0:0:
99,137,66138,6,0,L|61:143,1,38.9999988098145,10|0,0:0|0:0,0:0:0:0:
17,154,66295,2,0,L|56:160,1,38.9999988098145,10|0,0:0|0:0,0:0:0:0:
164,384,66452,6,0,P|188:359|201:326,1,71.5000021820069,2|0,0:0|0:0,0:0:0:0:
274,223,66609,2,0,P|239:223|207:239,1,71.5000021820069,10|0,0:0|0:0,0:0:0:0:
69,246,66766,2,0,P|94:270|128:283,1,71.5000021820069,10|0,0:0|0:0,0:0:0:0:
201,325,66923,6,0,L|252:319,1,35.7500010910034,2|0,0:0|0:0,0:0:0:0:
329,312,67080,2,0,L|380:306,1,35.7500010910034,10|0,0:0|0:0,0:0:0:0:
426,113,67238,5,10,0:0:0:0:
314,144,67395,1,2,0:0:0:0:
227,124,67552,5,10,0:0:0:0:
419,242,67709,1,10,0:0:0:0:
497,23,67866,6,0,B|431:5|431:5|455:119|455:119|466:123|466:123|491:238,1,292.50001115799,6|0,0:0|0:0,0:0:0:0:
494,315,68180,2,0,B|503:358|503:358|436:374|436:374|420:303|420:303|417:302|417:302|422:293|422:293|402:198,1,292.50001115799,0|0,0:0|0:0,0:0:0:0:
314,144,68494,6,0,B|274:114|274:114|219:170,1,97.50000371933,2|0,0:0|0:0,0:0:0:0:
261,313,68651,2,0,B|301:343|301:343|356:287,1,97.50000371933,10|0,0:0|0:0,0:0:0:0:
114,354,68808,2,0,B|170:338|170:338|181:296|181:296|180:288|180:288|193:245|193:245|250:232,1,195.00000743866,10|2,0:0|0:0,0:0:0:0:
7,268,69122,6,0,L|21:344,2,45.4999986114502,10|0|0,0:0|0:0|0:0,0:0:0:0:
88,215,69279,2,0,L|96:259,2,45.4999986114502,10|0|0,0:0|0:0|0:0,0:0:0:0:
7,65,69436,6,0,B|16:50|8:24|8:24|-21:91|44:174,1,181.999994445801,2|10,0:0|0:0,0:0:0:0:
97,102,69751,2,0,P|116:82|164:71,1,77.999997619629,10|0,0:0|0:0,0:0:0:0:
249,0,69908,6,0,B|261:24|261:24|439:54,2,181.999994445801,2|10|10,0:0|0:0|0:0,0:0:0:0:
263,221,70379,5,6,0:0:0:0:
288,140,70536,1,0,1:0:0:0:
381,366,70693,6,0,P|355:338|374:253,1,97.50000371933,0|0,0:0|0:0,0:0:0:0:
397,193,70850,2,0,P|408:169|404:202,1,97.50000371933,0|0,0:0|0:0,0:0:0:0:
184,359,71007,5,2,0:0:0:0:
17,262,71164,1,10,0:0:0:0:
63,330,71321,5,10,0:0:0:0:
263,221,71478,1,2,0:0:0:0:
156,199,71635,5,10,0:0:0:0:
288,379,71793,1,10,0:0:0:0:
505,215,71950,5,2,0:0:0:0:
471,348,72107,1,10,0:0:0:0:
375,58,72264,1,0,0:0:0:0:
46,81,72578,6,0,L|32:46,6,22.7499993057251,10|0|0|0|0|0|0,0:0|0:0|0:0|0:0|0:0|0:0|0:0,0:0:0:0:
3,117,72892,6,0,B|114:91|84:163|211:133,1,201.500001537323,2|0,0:0|1:0,0:0:0:0:
276,163,73128,1,0,0:0:0:0:
282,171,73206,2,0,P|288:105|235:60,1,130,10|0,0:0|1:0,0:0:0:0:
202,132,73442,1,0,0:0:0:0:
200,135,73520,1,2,0:0:0:0:
1,273,73677,6,0,B|31:256|31:256|68:277,1,65,2|0,0:0|0:0,0:0:0:0:
240,362,73834,2,0,B|254:336|282:320|282:320|244:274|149:269|106:357,1,253.499988395691,10|0,0:0|0:0,0:0:0:0:
378,367,74149,6,0,B|359:217|359:217|366:262|425:277,1,214.500006546021,2|0,0:0|1:0,0:0:0:0:
213,287,74463,2,0,L|294:274,1,65,10|0,0:0|0:0,0:0:0:0:
488,239,74620,6,0,L|350:215,1,130,2|0,0:0|0:0,0:0:0:0:
250,124,74934,6,0,P|243:87|254:59,1,65,2|0,0:0|0:0,0:0:0:0:
512,49,75091,2,0,P|447:44|320:109,1,195,10|0,0:0|0:0,0:0:0:0:
250,124,75405,6,0,L|176:110,1,65,2|0,0:0|0:0,0:0:0:0:
15,44,75562,2,0,B|66:24|66:24|115:69,1,97.50000371933,0|0,1:0|0:0,0:0:0:0:
59,368,75719,6,0,P|83:292|65:168,1,195.00000743866,10|0,0:0|1:0,0:0:0:0:
8,128,75955,1,0,0:0:0:0:
8,132,76033,5,2,0:0:0:0:
311,278,76190,2,0,L|234:285,1,65,2|0,0:0|0:0,0:0:0:0:
69,179,76347,6,0,B|132:158|132:158|191:209,1,130,10|0,0:0|1:0,0:0:0:0:
178,362,76662,2,0,B|145:317|145:317|327:335,1,221.000004215241,2|0,0:0|0:0,0:0:0:0:
328,345,76897,2,0,L|361:323,4,24.3750009298325,0|0|10|0|0,1:0|0:0|0:0|0:0|0:0,0:0:0:0:
491,170,77133,6,0,B|426:163|391:98|391:98|395:183|334:220,1,253.499988395691,2|0,0:0|0:0,0:0:0:0:
277,134,77447,2,0,P|276:118|282:138,1,65,0|0,0:0|0:0,0:0:0:0:
96,242,77604,5,10,0:0:0:0:
82,228,77683,1,0,0:0:0:0:
96,214,77761,1,0,1:0:0:0:
109,228,77840,1,0,0:0:0:0:
4,241,77918,6,0,L|246:218,1,233.999992858887,2|0,0:0|0:0,0:0:0:0:
19,63,78232,2,0,P|0:102|89:135,1,130,10|0,0:0|1:0,0:0:0:0:
127,125,78468,1,0,0:0:0:0:
126,121,78546,1,2,0:0:0:0:
233,71,78704,6,0,L|248:7,1,65,2|0,0:0|0:0,0:0:0:0:
236,218,78861,6,0,L|250:275,4,32.5,10|0|0|0|0,0:0|0:0|0:0|0:0|1:0,0:0:0:0:
414,3,79175,1,2,0:0:0:0:
414,3,79332,2,0,P|385:38|340:40,1,84.4999961318971,0|0,0:0|1:0,0:0:0:0:
371,191,79489,6,0,P|409:130|445:217,1,195.00000743866,10|2,0:0|0:0,0:0:0:0:
409,268,79724,1,0,0:0:0:0:
397,274,79803,2,0,L|488:284,1,65,0|0,0:0|0:0,0:0:0:0:
234,378,79960,2,0,B|259:338|259:338|312:354,1,97.50000371933,2|0,0:0|0:0,0:0:0:0:
242,93,80117,6,0,B|186:160|202:295|298:297|351:201|153:208,1,292.50001115799,10|0,0:0|0:0,0:0:0:0:
131,226,80431,2,0,P|122:263|145:302,1,65,2|0,0:0|0:0,0:0:0:0:
74,341,80588,2,0,P|93:373|137:384,1,65,0|0,1:0|0:0,0:0:0:0:
234,378,80745,6,0,L|244:344,1,26,10|0,0:0|0:0,0:0:0:0:
276,248,80902,2,0,L|266:214,1,26,0|0,1:0|0:0,0:0:0:0:
395,384,81060,6,0,P|423:368|438:340,1,65,2|0,0:0|0:0,0:0:0:0:
381,287,81217,2,0,P|390:256|381:226,1,65,2|0,0:0|0:0,0:0:0:0:
479,119,81374,6,0,B|412:63|277:79|275:175|371:228|416:128,1,292.50001115799,10|0,0:0|0:0,0:0:0:0:
349,23,81688,2,0,P|294:-3|241:24,1,84.4999961318971,0|0,0:0|0:0,0:0:0:0:
41,99,81845,6,0,B|138:104|93:39|217:34,1,168.999992263794,2|0,0:0|0:0,0:0:0:0:
249,96,82080,1,8,0:0:0:0:
249,96,82159,2,0,P|238:123|184:149,1,65,2|0,0:0|0:0,0:0:0:0:
5,279,82316,6,0,P|0:228|30:187,1,104,2|2,0:0|0:0,0:0:0:0:
165,330,82473,2,0,B|224:269|224:269|157:259|157:259|153:255|153:255|150:259|150:259|67:249,1,233.999992858887,8|0,0:0|0:0,0:0:0:0:
118,232,82787,6,0,L|80:217,2,22.7499993057251,2|0|0,0:0|0:0|0:0,0:0:0:0:
259,358,82944,6,0,B|378:343|378:343|383:332|383:332|504:318,1,233.999992858887,2|0,0:0|0:0,0:0:0:0:
512,232,83258,2,0,B|459:237|459:237|454:234|454:234|448:244|448:244|440:241|440:241|373:249,1,130,10|0,0:0|1:0,0:0:0:0:
313,271,83494,1,0,0:0:0:0:
317,264,83573,1,2,0:0:0:0:
485,71,83730,2,0,P|505:79|475:78,1,97.50000371933,2|0,0:0|0:0,0:0:0:0:
221,30,83887,6,0,B|300:40|300:40|307:35|307:35|312:40|312:40|396:52|396:52|410:14|455:-15,1,253.499988395691,10|0,0:0|0:0,0:0:0:0:
317,264,84201,2,0,L|309:193,1,65,2|0,0:0|0:0,0:0:0:0:
464,101,84358,2,0,L|477:135,2,32.5,0|0|0,0:0|0:0|1:0,0:0:0:0:
464,101,84515,2,0,P|411:135|376:131,1,84.4999961318971,10|0,0:0|0:0,0:0:0:0:
219,28,84672,6,0,B|200:118|260:98|228:191|228:191|162:178,1,233.999992858887,2|0,0:0|0:0,0:0:0:0:
86,168,84986,2,0,P|71:167|91:164,1,77.999997619629,2|0,0:0|0:0,0:0:0:0:
39,358,85143,6,0,B|25:332|-3:316|-3:316|35:270|130:265|173:353,1,253.499988395691,10|0,0:0|0:0,0:0:0:0:
231,376,85457,2,0,P|245:332|220:288,1,77.999997619629,2|0,0:0|0:0,0:0:0:0:
180,174,85615,5,0,1:0:0:0:
498,337,85772,2,0,B|438:339|404:379|404:379|396:312|326:271,1,214.500006546021,10|0,0:0|0:0,0:0:0:0:
295,199,86086,6,0,P|342:181|373:189,1,65,2|0,0:0|0:0,0:0:0:0:
400,8,86243,6,0,P|367:51|370:95,1,90.9999972229005,2|0,0:0|0:0,0:0:0:0:
447,233,86400,2,0,P|469:113|430:59,1,168.999992263794,10|0,0:0|1:0,0:0:0:0:
214,34,86635,5,0,0:0:0:0:
214,34,86714,2,0,B|397:7|397:7|348:52|376:107,1,272.999991668701,2|0,0:0|1:0,0:0:0:0:
448,77,87028,6,0,L|488:67,2,22.7499993057251,10|0|0,0:0|0:0|0:0,0:0:0:0:
141,201,87185,2,0,P|137:173|177:104,1,90.9999972229005,2|0,0:0|0:0,0:0:0:0:
315,369,87499,5,0,0:0:0:0:
305,284,87577,1,0,0:0:0:0:
295,199,87656,2,0,L|291:285,1,65,10|0,0:0|0:0,0:0:0:0:
9,313,87813,6,0,L|17:343,2,24.3750009298325,0|0|0,1:0|0:0|0:0,0:0:0:0:
16,307,87971,2,0,P|77:304|178:349,1,155.999995239258,2|0,0:0|1:0,0:0:0:0:
309,354,88206,5,0,1:0:0:0:
315,369,88285,2,0,P|301:307|275:374,1,155.999995239258,10|0,0:0|1:0,0:0:0:0:
164,338,88599,2,0,P|162:299|183:268,1,65,2|0,0:0|0:0,0:0:0:0:
31,125,88756,6,0,L|-6:132,2,32.5,2|0|0,0:0|0:0|0:0,0:0:0:0:
202,166,88913,6,0,L|188:126,2,32.5,10|0|0,0:0|0:0|0:0,0:0:0:0:
129,10,89070,6,0,P|95:21|59:74,1,77.999997619629,0|0,1:0|0:0,0:0:0:0:
173,276,89227,2,0,P|190:203|118:81,1,195.00000743866,2|0,0:0|0:0,0:0:0:0:
292,11,89463,5,0,1:0:0:0:
285,4,89541,2,0,P|340:20|343:71,1,65,10|0,0:0|0:0,0:0:0:0:
510,129,89698,2,0,B|316:112|316:112|355:116|371:159,1,253.499988395691,2|0,0:0|0:0,0:0:0:0:
373,150,90012,1,2,0:0:0:0:
337,378,90170,6,0,B|307:252|307:252|400:251|400:251|418:333,1,292.50001115799,10|0,0:0|0:0,0:0:0:0:
233,357,90484,5,2,0:0:0:0:
233,357,90641,2,0,P|200:347|177:294,1,77.999997619629,0|0,1:0|0:0,0:0:0:0:
66,334,90798,5,10,0:0:0:0:
66,334,90955,2,0,P|65:299|109:262,1,77.999997619629,0|0,1:0|0:0,0:0:0:0:
15,178,91112,5,2,0:0:0:0:
15,178,91269,2,0,P|44:160|99:178,1,77.999997619629,2|0,0:0|0:0,0:0:0:0:
194,6,91426,1,10,0:0:0:0:
194,6,91583,6,0,P|176:105|180:208,1,195,2|0,0:0|0:0,0:0:0:0:
261,240,91897,2,0,P|326:227|355:150,1,130,8|0,0:0|0:0,0:0:0:0:
398,6,92132,5,8,0:0:0:0:
407,0,92211,2,0,P|357:11|337:42,1,65,2|0,0:0|0:0,0:0:0:0:
195,118,92369,2,0,L|284:107,1,65,0|0,0:0|1:0,0:0:0:0:
512,234,92526,6,0,B|466:250|466:250|422:214,1,97.50000371933,0|0,1:0|0:0,0:0:0:0:
476,77,92683,6,0,L|470:40,2,32.5,2|0|8,0:0|0:0|0:0,0:0:0:0:
492,97,92840,2,0,L|483:170,1,65,2|0,0:0|0:0,0:0:0:0:
346,64,92997,6,0,L|197:52,1,116.999996429443,2|0,0:0|0:0,0:0:0:0:
12,37,93311,2,0,L|119:45,1,77.999997619629,10|0,0:0|0:0,0:0:0:0:
213,139,93546,5,2,0:0:0:0:
220,146,93625,2,0,L|184:143,1,26,10|0,0:0|0:0,0:0:0:0:
49,131,93861,2,0,L|125:138,1,65,10|0,0:0|0:0,0:0:0:0:
213,227,94096,6,0,L|177:224,1,26,10|0,0:0|0:0,0:0:0:0:
101,218,94332,2,0,L|59:215,2,32.5,10|0|0,0:0|0:0|0:0,0:0:0:0:
206,307,94567,6,0,L|183:306,1,19.4999994049072,10|0,0:0|0:0,0:0:0:0:
73,295,94803,2,0,L|118:299,1,32.5,10|0,0:0|0:0,0:0:0:0:
468,356,95039,5,10,0:0:0:0:
485,124,95196,5,2,0:0:0:0:
462,101,95274,1,0,1:0:0:0:
485,78,95353,1,0,1:0:0:0:
507,101,95431,1,0,1:0:0:0:
479,101,95510,6,0,L|310:77,1,168.999992263794,2|0,0:0|1:0,0:0:0:0:
94,7,95745,1,0,0:0:0:0:
97,0,95824,6,0,B|107:90|107:90|159:123,1,130,10|0,0:0|1:0,0:0:0:0:
215,61,96060,1,0,0:0:0:0:
215,57,96138,1,2,0:0:0:0:
342,196,96295,6,0,P|274:188|244:202,1,84.4999961318971,2|0,0:0|0:0,0:0:0:0:
7,220,96452,2,0,P|59:200|212:259,1,195.00000743866,10|0,0:0|0:0,0:0:0:0:
237,308,96766,2,0,P|274:247|250:179,1,130,2|0,0:0|0:0,0:0:0:0:
90,345,97002,5,0,1:0:0:0:
72,337,97081,2,0,P|101:322|158:325,1,65,10|0,0:0|0:0,0:0:0:0:
404,294,97238,2,0,B|304:348|238:309|238:309|304:293|337:359,1,253.499988395691,2|0,0:0|0:0,0:0:0:0:
452,207,97552,6,0,L|405:179,2,32.5,0|0|0,0:0|0:0|0:0,0:0:0:0:
456,217,97709,6,0,L|471:132,1,65,10|0,0:0|0:0,0:0:0:0:
340,33,97866,2,0,B|377:10|377:10|420:38,1,84.4999961318971,0|0,1:0|0:0,0:0:0:0:
356,167,98023,2,0,P|283:153|249:94,1,130,2|0,0:0|1:0,0:0:0:0:
512,54,98259,5,0,0:0:0:0:
512,54,98337,2,0,P|439:37|317:109,1,195.00000743866,10|0,0:0|0:0,0:0:0:0:
252,110,98651,2,0,P|213:86|207:40,1,65,2|0,0:0|0:0,0:0:0:0:
37,0,98808,6,0,P|28:40|0:70,1,84.4999961318971,2|0,0:0|0:0,0:0:0:0:
4,228,98965,2,0,P|20:165|151:113,1,195,10|0,0:0|1:0,0:0:0:0:
153,367,99280,5,2,0:0:0:0:
153,367,99437,2,0,P|97:361|75:320,1,84.4999961318971,0|0,0:0|1:0,0:0:0:0:
107,265,99594,2,0,P|148:263|179:290,1,84.4999961318971,10|0,0:0|0:0,0:0:0:0:
334,384,99751,6,0,B|320:254|320:254|311:249|311:249|301:156,1,214.500006546021,2|0,0:0|0:0,0:0:0:0:
458,10,100065,6,0,P|378:28|361:54,1,97.50000371933,2|0,0:0|0:0,0:0:0:0:
479,272,100222,2,0,P|494:201|426:81,1,195.00000743866,10|0,0:0|0:0,0:0:0:0:
394,190,100536,5,2,0:0:0:0:
303,175,100693,1,0,1:0:0:0:
370,36,100850,5,10,0:0:0:0:
152,126,101007,1,0,1:0:0:0:
389,384,101164,6,0,L|397:317,1,65,2|0,0:0|0:0,0:0:0:0:
415,227,101321,2,0,L|407:160,1,65,2|0,0:0|0:0,0:0:0:0:
485,263,101478,6,0,B|505:222|505:222|417:238|417:238|411:235|411:235|410:238|410:238|256:264,1,292.50001115799,10|0,0:0|0:0,0:0:0:0:
184,241,101793,2,0,P|151:224|188:223,1,97.50000371933,0|0,0:0|0:0,0:0:0:0:
297,366,101950,6,0,B|228:352|228:352|220:358|220:358|210:345|210:345|201:350|201:350|89:327,1,195.00000743866,2|0,0:0|0:0,0:0:0:0:
38,369,102185,1,8,0:0:0:0:
26,377,102264,1,2,0:0:0:0:
94,181,102421,6,0,P|86:149|29:110,1,77.999997619629,2|2,0:0|0:0,0:0:0:0:
16,189,102578,2,0,P|64:146|188:166,1,195,8|0,0:0|0:0,0:0:0:0:
173,163,102892,6,0,L|163:195,2,32.5,2|0|0,0:0|0:0|0:0,0:0:0:0:
203,47,103049,6,0,P|206:128|261:32,1,292.50001115799,2|0,0:0|0:0,0:0:0:0:
385,116,103363,2,0,B|392:55|366:9|366:9|424:19,1,155.999995239258,10|0,0:0|1:0,0:0:0:0:
481,58,103599,1,0,0:0:0:0:
479,64,103677,1,2,0:0:0:0:
331,379,103834,6,0,P|324:334|364:286,1,97.50000371933,2|0,0:0|0:0,0:0:0:0:
512,185,103992,2,0,B|339:215|339:215|395:211|427:255,1,253.499988395691,10|0,0:0|0:0,0:0:0:0:
403,349,104306,6,0,B|337:336|337:336|334:330|334:330|320:337|320:337|309:328|309:328|240:316,1,168.999992263794,2|0,0:0|0:0,0:0:0:0:
173,343,104541,1,0,1:0:0:0:
104,384,104620,1,10,0:0:0:0:
8,242,104777,2,0,P|-11:205|20:113,1,130,2|0,0:0|0:0,0:0:0:0:
231,217,105091,6,0,P|188:254|120:250,1,97.50000371933,2|0,0:0|0:0,0:0:0:0:
92,0,105248,2,0,P|148:80|154:192,1,195.00000743866,10|0,0:0|0:0,0:0:0:0:
76,181,105484,1,0,0:0:0:0:
78,176,105562,1,2,0:0:0:0:
339,25,105719,6,0,B|296:-3|296:-3|250:36,1,97.50000371933,0|0,1:0|0:0,0:0:0:0:
512,127,105876,2,0,B|395:183|303:104|303:104|357:114|375:194,1,292.50001115799,10|0,0:0|0:0,0:0:0:0:
399,351,106191,6,0,P|406:304|376:266,1,97.50000371933,2|0,0:0|0:0,0:0:0:0:
295,286,106348,2,0,P|287:332|317:370,1,97.50000371933,2|0,0:0|0:0,0:0:0:0:
483,310,106505,6,0,P|442:265|375:267,1,130,10|0,0:0|1:0,0:0:0:0:
196,262,106740,5,0,0:0:0:0:
196,262,106819,2,0,P|330:269|504:318,1,292.50001115799,2|0,0:0|1:0,0:0:0:0:
490,318,107133,6,0,L|479:356,2,32.5,10|0|0,0:0|0:0|0:0,0:0:0:0:
512,165,107290,2,0,B|478:125|478:125|416:155,1,97.50000371933,2|0,0:0|0:0,0:0:0:0:
291,187,107447,6,0,L|254:179,6,22.7499993057251,0|0|0|0|0|0|0,0:0|0:0|0:0|0:0|0:0|0:0|0:0,0:0:0:0:
159,163,107761,5,10,0:0:0:0:
136,136,107839,1,0,0:0:0:0:
159,135,107918,5,0,1:0:0:0:
136,159,107996,1,0,0:0:0:0:
147,153,108075,6,0,B|109:20|109:20|191:44,1,195.00000743866,2|0,0:0|1:0,0:0:0:0:
74,191,108311,1,0,1:0:0:0:
74,191,108389,2,0,L|60:155,6,22.7499993057251,10|0|0|0|0|0|0,0:0|0:0|0:0|0:0|1:0|0:0|0:0,0:0:0:0:
219,333,108704,5,2,0:0:0:0:
142,379,108861,2,0,L|131:332,1,32.5,2|0,0:0|0:0,0:0:0:0:
117,334,108939,2,0,L|142:292,1,32.5,0|0,0:0|0:0,0:0:0:0:
131,284,109018,2,0,L|178:273,1,32.5,10|0,0:0|0:0,0:0:0:0:
219,333,109175,6,0,L|288:319,1,65,0|0,1:0|0:0,0:0:0:0:
462,202,109332,2,0,B|329:235|329:235|388:287,1,195.00000743866,2|0,0:0|0:0,0:0:0:0:
476,356,109567,1,0,1:0:0:0:
476,356,109646,2,0,L|452:290,1,65,10|0,0:0|0:0,0:0:0:0:
432,97,109803,6,0,B|373:90|347:9|426:-48|525:12|506:136,1,292.50001115799,2|0,0:0|0:0,0:0:0:0:
469,194,110117,2,0,P|445:184|407:203,1,45.4999986114502,2|0,0:0|0:0,0:0:0:0:
110,19,110274,2,0,P|188:4|317:128,1,253.499988395691,10|0,0:0|0:0,0:0:0:0:
306,134,110588,5,2,0:0:0:0:
251,191,110745,1,0,1:0:0:0:
292,279,110902,5,10,0:0:0:0:
128,180,111059,1,0,1:0:0:0:
13,32,111217,5,2,0:0:0:0:
0,202,111374,1,2,0:0:0:0:
131,313,111531,1,10,0:0:0:0:
398,213,111688,1,2,0:0:0:0:
398,213,111845,6,0,L|391:161,1,52,0|0,0:0|0:0,0:0:0:0:
485,289,113102,6,0,P|419:260|288:304,1,195.00000743866,6|0,0:0|0:0,0:0:0:0:
243,340,113337,1,0,0:0:0:0:
243,340,113416,2,0,P|282:371|343:358,1,97.50000371933,10|0,0:0|0:0,0:0:0:0:
488,161,113573,6,0,L|481:122,2,32.5,0|0|0,0:0|0:0|0:0,0:0:0:0:
488,161,113730,2,0,B|406:175|406:175|378:66,1,168.999992263794,2|0,0:0|0:0,0:0:0:0:
331,0,113965,1,0,0:0:0:0:
331,0,114044,2,0,P|304:90|286:38,1,195,10|0,0:0|0:0,0:0:0:0:
237,47,114358,2,0,P|223:82|232:126,1,65,2|0,0:0|0:0,0:0:0:0:
294,239,114515,6,0,P|232:249|192:225,1,97.50000371933,0|0,0:0|0:0,0:0:0:0:
74,174,114672,2,0,P|162:136|262:182,1,195.00000743866,10|0,0:0|0:0,0:0:0:0:
294,239,114908,1,0,0:0:0:0:
293,244,114986,1,2,0:0:0:0:
54,371,115143,6,0,P|19:310|106:328,1,195,0|0,0:0|0:0,0:0:0:0:
110,325,115458,2,0,L|118:291,2,32.5,0|0|0,0:0|0:0|0:0,0:0:0:0:
120,336,115615,6,0,P|167:323|303:363,1,181.999994445801,2|0,0:0|0:0,0:0:0:0:
491,286,115929,2,0,B|501:202|501:202|445:156,1,130,10|0,0:0|0:0,0:0:0:0:
313,275,116243,5,2,0:0:0:0:
313,275,116400,2,0,P|361:283|387:270,1,65,0|0,0:0|0:0,0:0:0:0:
465,173,116557,2,0,P|407:168|338:209,1,130,10|0,0:0|0:0,0:0:0:0:
262,200,116793,1,0,0:0:0:0:
265,195,116871,5,2,0:0:0:0:
388,9,117028,6,0,B|417:-7|417:-7|452:19,1,65,0|0,0:0|0:0,0:0:0:0:
339,190,117185,2,0,P|383:152|403:74,1,130,10|0,0:0|0:0,0:0:0:0:
281,14,117499,6,0,P|234:10|196:42,1,77.999997619629,2|0,0:0|0:0,0:0:0:0:
127,11,117656,5,0,0:0:0:0:
127,11,117814,2,0,P|90:41|86:95,1,84.4999961318971,10|0,0:0|0:0,0:0:0:0:
168,280,117971,2,0,P|178:206|129:130,1,149.500002851486,0|0,0:0|0:0,0:0:0:0:
20,203,118285,5,0,0:0:0:0:
20,203,118442,2,0,P|60:204|94:229,1,74.7500014257431,10|0,0:0|0:0,0:0:0:0:
135,352,118599,5,0,0:0:0:0:
149,366,118677,1,0,0:0:0:0:
165,370,118756,2,0,L|212:353,6,37.3750007128716,2|0|0|0|0|0|0,0:0|0:0|0:0|0:0|0:0|0:0|0:0,0:0:0:0:
287,303,119070,6,0,L|344:285,6,37.3750007128716,10|0|0|0|0|0|0,0:0|0:0|0:0|0:0|0:0|0:0|0:0,0:0:0:0:
323,377,119384,6,0,P|342:301|466:331,1,224.250004277229,2|0,0:0|0:0,0:0:0:0:
461,321,119698,2,0,P|400:318|403:223,1,149.500002851486,10|0,0:0|0:0,0:0:0:0:
512,123,119934,1,0,0:0:0:0:
512,123,120012,6,0,P|428:95|298:161,1,224.250004277229,2|0,0:0|0:0,0:0:0:0:
236,168,120327,2,0,P|223:120|249:94,1,74.7500014257431,10|0,0:0|0:0,0:0:0:0:
485,12,120484,1,0,0:0:0:0:
384,242,120641,1,2,0:0:0:0:
327,0,120798,2,0,P|392:52|317:165,1,224.250004277229,0|0,0:0|0:0,0:0:0:0:
235,102,121112,5,0,0:0:0:0:
183,52,121190,1,0,0:0:0:0:
147,62,121269,2,0,P|129:105|17:93,1,149.500002851486,2|0,0:0|0:0,0:0:0:0:
7,7,121505,1,0,0:0:0:0:
7,7,121583,6,0,P|26:4|70:43,1,74.7500014257431,10|0,0:0|0:0,0:0:0:0:
147,62,121740,2,0,P|150:80|111:125,1,74.7500014257431,0|0,0:0|0:0,0:0:0:0:
10,205,121897,6,0,L|57:194,2,37.3750007128716,2|0|0,0:0|0:0|0:0,0:0:0:0:
10,205,122054,2,0,L|95:214,1,74.7500014257431,0|0,0:0|0:0,0:0:0:0:
249,232,122211,6,0,L|209:227,1,32.5,0|0,0:0|0:0,0:0:0:0:
269,227,122290,6,0,L|229:222,1,32.5,0|0,0:0|0:0,0:0:0:0:
289,222,122368,6,0,L|249:217,1,32.5,0|0,0:0|0:0,0:0:0:0:
309,217,122447,6,0,L|269:212,1,32.5,0|0,0:0|0:0,0:0:0:0:
384,220,122525,6,0,L|376:263,1,32.5,10|0,0:0|0:0,0:0:0:0:
378,251,122683,6,0,L|351:105,1,130,2|0,0:0|0:0,0:0:0:0:
479,364,122997,5,10,0:0:0:0:
479,364,123075,1,0,0:0:0:0:
479,364,123154,2,0,P|478:273|421:360,1,253.499988395691,6|0,0:0|0:0,0:0:0:0:
335,363,123468,2,0,B|262:379|262:379|221:333,1,130,10|0,2:3|0:0,0:0:0:0:
296,289,123704,1,0,0:0:0:0:
292,283,123782,1,2,0:0:0:0:
149,381,123939,5,0,0:0:0:0:
149,381,124096,2,0,P|133:339|158:241,1,130,10|0,2:3|0:0,0:0:0:0:
198,199,124410,2,0,P|211:185|186:193,1,65,2|0,0:0|0:0,0:0:0:0:
20,141,124567,6,0,P|13:88|43:44,1,97.50000371933,0|0,0:0|0:0,0:0:0:0:
280,117,124725,2,0,P|199:145|74:91,1,195,10|0,2:3|0:0,0:0:0:0:
196,28,125039,6,0,B|240:3|240:3|291:43,1,97.50000371933,2|0,0:0|0:0,0:0:0:0:
486,154,125196,2,0,B|373:130|317:195|317:195|372:174|360:117,1,253.499988395691,0|0,0:0|0:0,0:0:0:0:
396,71,125510,5,0,0:0:0:0:
391,60,125588,1,0,0:0:0:0:
386,48,125667,1,2,0:0:0:0:
454,228,125824,6,0,B|425:263|425:263|381:252,1,84.4999961318971,0|0,0:0|0:0,0:0:0:0:
289,376,125981,5,10,2:3:0:0:
312,335,126059,1,0,0:0:0:0:
305,290,126138,1,0,0:0:0:0:
271,259,126216,1,0,0:0:0:0:
271,259,126295,6,0,P|212:252|82:293,1,195,2|0,0:0|0:0,0:0:0:0:
49,364,126609,2,0,P|6:314|24:250,1,97.50000371933,10|0,2:3|0:0,0:0:0:0:
75,139,126766,6,0,L|62:88,2,32.5,0|0|0,0:0|0:0|0:0,0:0:0:0:
235,110,126923,5,2,0:0:0:0:
235,110,127081,2,0,B|201:72|201:72|147:106,1,97.50000371933,0|0,0:0|0:0,0:0:0:0:
0,179,127238,6,0,B|96:194|96:194|110:181|110:181|260:202,1,253.499988395691,10|0,2:3|0:0,0:0:0:0:
267,214,127552,1,2,0:0:0:0:
512,97,127709,1,0,0:0:0:0:
270,14,127866,1,10,2:3:0:0:
360,256,128023,6,0,B|342:64|342:64|420:143,1,286.000008728028,0|0,0:0|0:0,0:0:0:0:
488,193,128416,1,0,0:0:0:0:
488,193,128494,2,0,P|410:155|370:192,1,130,10|0,2:3|0:0,0:0:0:0:
475,362,128808,6,0,L|483:306,6,32.5,2|0|0|0|0|0|0,0:0|0:0|0:0|0:0|0:0|0:0|0:0,0:0:0:0:
499,384,129122,2,0,P|452:358|427:370,1,65,10|0,2:3|0:0,0:0:0:0:
105,384,129279,2,0,P|140:350|292:371,1,195,0|0,0:0|0:0,0:0:0:0:
350,329,129594,2,0,P|342:300|292:279,1,65,0|0,0:0|0:0,0:0:0:0:
32,234,129751,6,0,P|29:265|48:292,1,65,10|0,2:3|0:0,0:0:0:0:
118,209,129908,2,0,P|136:235|134:267,1,65,0|0,0:0|0:0,0:0:0:0:
0,60,130065,6,0,L|14:111,6,32.5,2|0|0|0|0|0|0,0:0|0:0|0:0|0:0|0:0|0:0|0:0,0:0:0:0:
49,0,130379,1,10,2:3:0:0:
412,98,130536,6,0,P|377:64|225:85,1,195,0|0,0:0|0:0,0:0:0:0:
163,46,130850,1,0,0:0:0:0:
163,46,130929,1,0,0:0:0:0:
163,46,131007,2,0,P|156:77|173:110,2,65,10|0|0,2:3|0:0|0:0,0:0:0:0:
509,2,131321,6,0,L|495:53,6,32.5,2|0|0|0|0|0|0,0:0|0:0|0:0|0:0|0:0|0:0|0:0,0:0:0:0:
412,98,131635,2,0,P|415:124|428:181,1,65,10|0,2:3|0:0,0:0:0:0:
474,292,131793,2,0,P|477:266|490:209,1,65,0|0,0:0|0:0,0:0:0:0:
317,74,131950,2,0,P|320:100|347:213,1,130,2|0,0:0|0:0,0:0:0:0:
343,201,132185,1,0,0:0:0:0:
343,201,132264,1,0,0:0:0:0:
98,366,132421,2,0,L|62:350,2,32.5,0|0|0,0:0|0:0|0:0,0:0:0:0:
115,384,132578,6,0,B|177:363|194:294|165:234|93:218|44:249|44:249|108:197|112:127|88:36|-76:61|-75:171|58:96,1,582.400007109375,0|4,0:0|2:3,0:0:0:0:
33,79,143258,6,0,L|23:17,7,32.5,2|0|0|0|0|0|0|0,3:0|3:0|3:0|3:0|3:0|3:0|3:0|3:0,0:0:0:0:
114,36,143887,2,0,L|150:-15,7,32.5,10|0|0|0|0|0|0|0,3:0|3:0|3:0|3:0|3:0|3:0|3:0|3:0,0:0:0:0:
170,105,144515,1,2,3:0:0:0:
191,115,144593,1,0,3:0:0:0:
215,120,144672,1,0,3:0:0:0:
239,120,144750,1,0,3:0:0:0:
262,115,144829,1,0,3:0:0:0:
284,105,144907,1,0,3:0:0:0:
303,91,144986,1,0,3:0:0:0:
319,73,145064,1,0,0:0:0:0:
330,52,145143,6,0,L|286:31,7,32.5,10|0|2|0|2|0|0|0,3:0|3:0|3:0|3:0|3:0|3:0|3:0|3:0,0:0:0:0:
426,17,145772,2,0,L|470:-4,7,32.5,2|0|0|0|0|0|0|0,3:0|3:0|3:0|3:0|3:0|3:0|3:0|3:0,0:0:0:0:
440,108,146400,6,0,L|449:154,1,32.5,8|0,3:0|3:0,0:0:0:0:
375,237,146557,2,0,L|381:203,5,32.5,0|0|0|0|0|0,3:0|3:0|3:0|3:0|3:0|3:0,0:0:0:0:
471,262,147028,5,2,3:0:0:0:
458,285,147106,1,0,3:0:0:0:
440,304,147185,1,0,3:0:0:0:
418,318,147263,1,0,3:0:0:0:
393,326,147342,1,0,3:0:0:0:
367,328,147420,1,0,3:0:0:0:
341,323,147499,1,0,3:0:0:0:
317,313,147577,1,0,3:0:0:0:
296,296,147656,2,0,L|304:350,7,32.5,10|0|2|0|0|0|2|0,3:0|3:0|3:0|3:0|3:0|3:0|3:0|3:0,0:0:0:0:
76,350,148285,6,0,L|25:339,7,32.5,2|0|0|0|0|0|0|0,0:0|3:0|3:0|3:0|3:0|3:0|3:0|3:0,0:0:0:0:
187,266,148913,2,0,L|238:255,7,32.5,8|0|0|0|0|0|0|0,3:0|3:0|3:0|3:0|3:0|3:0|3:0|3:0,0:0:0:0:
112,242,149541,5,2,3:0:0:0:
96,220,149619,1,0,0:0:0:0:
87,195,149698,1,0,3:0:0:0:
86,168,149776,1,0,3:0:0:0:
93,143,149855,1,0,0:0:0:0:
107,120,149933,1,0,3:0:0:0:
127,103,150012,1,0,0:0:0:0:
151,92,150090,1,0,3:0:0:0:
178,89,150169,6,0,L|170:40,7,32.5,10|0|2|0|2|0|0|0,3:0|3:0|3:0|3:0|3:0|3:0|3:0|3:0,0:0:0:0:
71,11,150798,5,2,3:0:0:0:
266,44,151426,1,10,3:0:0:0:
457,236,152054,1,2,3:0:0:0:
0,384,152683,1,2,3:0:0:0:
106,0,153311,6,0,B|147:109|49:96|99:209|99:209|157:200|157:200|156:194|156:194|158:200|158:200|226:190,1,331.500006322861,6|0,0:0|1:0,0:0:0:0:
267,143,153625,2,0,P|275:118|254:133,1,65,10|0,0:0|1:0,0:0:0:0:
199,193,153782,5,0,0:0:0:0:
493,0,153939,6,0,P|437:9|389:74,1,110.50000210762,2|0,0:0|0:0,0:0:0:0:
504,275,154096,2,0,P|521:180|480:94,1,195,2|0,0:0|1:0,0:0:0:0:
372,58,154410,6,0,L|381:119,1,48.750001859665,10|0,0:0|0:0,0:0:0:0:
379,106,154489,2,0,L|370:167,1,48.750001859665,0|0,0:0|0:0,0:0:0:0:
371,154,154567,2,0,L|380:215,1,48.750001859665,0|0,0:0|0:0,0:0:0:0:
426,354,154725,6,0,B|383:380|383:380|341:346,1,97.50000371933,2|0,0:0|1:0,0:0:0:0:
126,344,154882,2,0,B|184:337|208:279|208:279|222:343|287:361,1,195.00000743866,2|10,0:0|0:0,0:0:0:0:
295,228,155117,1,0,1:0:0:0:
295,228,155196,5,10,0:0:0:0:
265,177,155274,1,0,1:0:0:0:
210,159,155353,1,2,0:0:0:0:
219,168,155431,1,0,0:0:0:0:
210,159,155510,6,0,B|225:90|225:90|231:85|231:85|245:23|245:23|170:-7|170:-7|167:46,1,260,10|0,0:0|0:0,0:0:0:0:
29,199,155667,6,0,L|41:244,1,38.9999988098145,2|0,0:0|1:0,0:0:0:0:
16,269,155824,2,0,B|124:257|124:257|133:247|133:247|153:264|153:264|168:254|168:254|300:242|300:242|247:146|247:146|197:163,1,448.500008554459,6|0,0:0|0:0,0:0:0:0:
117,155,156138,2,0,P|109:149|121:155,1,65,10|0,0:0|0:0,0:0:0:0:
315,21,156295,5,0,1:0:0:0:
348,33,156374,1,0,1:0:0:0:
321,53,156452,1,2,0:0:0:0:
336,74,156531,1,0,0:0:0:0:
330,90,156609,1,2,0:0:0:0:
334,96,156688,1,0,0:0:0:0:
334,96,156766,2,0,L|412:88,1,65,0|0,1:0|1:0,0:0:0:0:
437,59,156923,6,0,L|427:18,6,32.5,10|0|0|0|0|0|0,0:0|0:0|0:0|0:0|0:0|0:0|0:0,0:0:0:0:
507,163,157238,2,0,L|432:178,1,65,2|0,0:0|1:0,0:0:0:0:
244,344,157395,6,0,P|238:285|267:248,1,97.50000371933,2|0,0:0|1:0,0:0:0:0:
512,325,157552,6,0,P|511:302|499:275,2,48.750001859665,10|0|0,0:0|0:0|1:0,0:0:0:0:
505,335,157709,6,0,B|410:320|410:320|404:326|404:326|300:308,1,195.00000743866,10|10,0:0|0:0,0:0:0:0:
54,380,158023,6,0,L|22:122,1,260,10|0,0:0|0:0,0:0:0:0:
44,230,158180,2,0,L|60:156,1,65,2|0,0:0|1:0,0:0:0:0:
282,104,158337,6,0,B|302:80|342:79|342:79|288:72|265:46|265:46|260:52|260:52|198:30|198:30|198:26|198:26|137:3,1,282.750008628845,6|0,0:0|1:0,0:0:0:0:
43,38,158651,2,0,P|37:81|107:85,1,130,10|0,0:0|0:0,0:0:0:0:
193,12,158887,5,0,0:0:0:0:
201,27,158965,2,0,B|195:64|195:64|192:67|192:67|196:80|196:80|192:83|192:83|184:137,1,90.9999972229005,2|0,0:0|0:0,0:0:0:0:
152,363,159122,2,0,B|129:228|129:228|232:187,1,233.999992858887,2|0,0:0|1:0,0:0:0:0:
311,241,159437,6,0,L|293:301,1,45.4999986114502,10|0,0:0|0:0,0:0:0:0:
325,248,159515,2,0,L|287:298,1,45.4999986114502,0|0,0:0|0:0,0:0:0:0:
335,259,159594,2,0,L|282:293,1,45.4999986114502,0|0,0:0|0:0,0:0:0:0:
340,272,159672,2,0,L|278:285,1,45.4999986114502,0|0,0:0|0:0,0:0:0:0:
372,348,159751,6,0,B|421:364|421:364|477:313,1,97.50000371933,2|0,0:0|1:0,0:0:0:0:
419,241,159908,1,2,0:0:0:0:
410,218,159987,1,0,1:0:0:0:
397,207,160065,1,10,0:0:0:0:
481,95,160222,6,0,L|438:103,2,32.5,10|0|0,0:0|0:0|1:0,0:0:0:0:
333,7,160379,2,0,L|376:15,2,32.5,2|0|0,0:0|0:0|0:0,0:0:0:0:
335,32,160536,6,0,B|247:41|247:41|240:36|240:36|175:41|175:41|170:36|170:36|65:44,1,260,10|0,0:0|0:0,0:0:0:0:
90,66,160693,2,0,L|162:52,1,65,2|0,0:0|1:0,0:0:0:0:
9,273,160850,5,6,0:0:0:0:
9,273,161007,2,0,P|24:227|60:195,1,97.50000371933,0|0,0:0|0:0,0:0:0:0:
198,352,161164,2,0,B|221:334|254:332|254:332|240:274|156:228|81:285,1,253.499988395691,10|0,0:0|1:0,0:0:0:0:
297,212,161478,5,2,0:0:0:0:
297,212,161557,5,0,0:0:0:0:
328,196,161635,1,2,0:0:0:0:
359,219,161714,1,0,0:0:0:0:
397,207,161793,2,0,L|382:287,1,65,0|0,1:0|0:0,0:0:0:0:
371,292,161950,6,0,L|380:345,6,42.2499980659486,10|0|0|0|0|0|0,0:0|0:0|0:0|0:0|0:0|0:0|0:0,0:0:0:0:
456,363,162264,6,0,L|476:317,1,45.4999986114502,2|0,0:0|1:0,0:0:0:0:
512,198,162421,6,0,L|490:137,1,58.4999982147217,2|0,0:0|1:0,0:0:0:0:
434,41,162578,6,0,L|341:10,1,71.5000021820069,10|0,0:0|1:0,0:0:0:0:
34,212,162735,6,0,B|32:219|26:192|26:192|31:228|21:256|21:256|75:235|113:267|113:267|122:174|122:174|138:159|138:159|111:119|111:119|124:107|124:107|135:18,1,455,0|0,1:0|0:0,0:0:0:0:
116,6,163363,5,14,0:0:0:0:
225,122,163520,6,0,P|217:104|230:123,1,77.999997619629,0|0,0:0|0:0,0:0:0:0:
235,369,163677,2,0,B|221:309|221:309|226:301|226:301|213:295|213:295|216:287|216:287|197:202,1,155.999995239258,0|0,0:0|0:0,0:0:0:0:
489,204,163992,5,2,0:0:0:0:
511,242,164070,1,0,0:0:0:0:
503,286,164149,1,10,0:0:0:0:
469,315,164227,1,0,0:0:0:0:
469,315,164306,2,0,B|421:316|392:343|392:343|371:310|299:289,1,155.999995239258,10|0,0:0|0:0,0:0:0:0:
300,227,164541,5,0,0:0:0:0:
305,231,164620,2,0,L|316:190,2,24.3750009298325,10|0|0,0:0|0:0|0:0,0:0:0:0:
489,204,164777,5,10,0:0:0:0:
511,43,164934,2,0,P|437:53|403:95,1,97.50000371933,2|0,0:0|0:0,0:0:0:0:
405,242,165091,2,0,L|385:133,1,97.50000371933,10|0,0:0|0:0,0:0:0:0:
154,38,165248,6,0,B|256:54|256:54|258:65|258:65|341:79,1,195.00000743866,10|2,0:0|0:0,0:0:0:0:
77,209,165484,1,0,0:0:0:0:
53,277,165562,6,0,B|72:187|12:207|44:114|44:114|88:125|88:125|87:119|87:119|91:122|91:122|120:128,1,253.499988395691,10|0,0:0|0:0,0:0:0:0:
191,151,165876,2,0,L|174:233,1,65,6|0,0:0|0:0,0:0:0:0:
333,369,166033,6,0,B|297:328|297:328|239:353,1,97.50000371933,0|0,1:0|0:0,0:0:0:0:
177,214,166191,2,0,P|258:223|356:243,1,168.999992263794,0|0,0:0|0:0,0:0:0:0:
482,375,166505,1,2,0:0:0:0:
479,178,166662,6,0,P|451:153|442:101,1,65,10|0,0:0|0:0,0:0:0:0:
512,102,166819,2,0,P|465:90|318:153,1,195,10|0,0:0|0:0,0:0:0:0:
336,152,167133,1,10,0:0:0:0:
61,22,167290,6,0,B|109:2|109:2|156:40,1,97.50000371933,10|0,0:0|0:0,0:0:0:0:
222,204,167447,1,2,0:0:0:0:
182,185,167526,1,0,0:0:0:0:
200,168,167604,1,10,0:0:0:0:
187,157,167683,1,0,0:0:0:0:
205,138,167761,6,0,L|217:226,1,84.4999961318971,10|0,0:0|0:0,0:0:0:0:
329,55,167918,2,0,P|284:33|226:59,1,97.50000371933,2|0,0:0|0:0,0:0:0:0:
2,194,168075,6,0,B|74:122|172:123|203:137|203:137|160:149|127:120,1,292.50001115799,10|0,0:0|0:0,0:0:0:0:
110,108,168389,1,6,0:0:0:0:
26,272,168468,6,0,L|136:254,1,97.50000371933,0|0,0:0|1:0,0:0:0:0:
322,384,168704,2,0,B|311:306|311:306|317:300|317:300|302:284|302:284|307:272|307:272|294:188,1,195.00000743866,0|0,0:0|0:0,0:0:0:0:
209,299,169018,5,2,0:0:0:0:
196,312,169096,1,0,0:0:0:0:
209,324,169175,1,10,0:0:0:0:
220,312,169253,1,0,0:0:0:0:
207,314,169332,6,0,L|197:381,3,65,10|0|2|0,0:0|0:0|0:0|0:0,0:0:0:0:
415,292,169646,6,0,L|406:246,2,42.2499980659486,10|0|0,0:0|0:0|0:0,0:0:0:0:
420,308,169803,2,0,B|450:273|450:273|426:214,1,84.4999961318971,10|0,0:0|0:0,0:0:0:0:
496,66,169960,5,2,0:0:0:0:
483,53,170039,1,0,0:0:0:0:
496,40,170117,1,10,0:0:0:0:
508,53,170196,1,0,0:0:0:0:
498,60,170274,6,0,B|443:67|418:94|418:94|396:56|329:25,1,155.999995239258,10|2,0:0|0:0,0:0:0:0:
185,0,170510,1,0,0:0:0:0:
185,0,170588,2,0,B|228:33|265:32|265:32|254:74|279:144,1,155.999995239258,10|10,0:0|0:0,0:0:0:0:
78,35,170903,5,6,0:0:0:0:
282,276,171060,2,0,P|210:267|177:222,1,97.50000371933,0|0,1:0|0:0,0:0:0:0:
75,149,171217,6,0,B|80:107|51:81|51:81|108:90|108:90|118:85|118:85|284:101,1,292.50001115799,0|0,0:0|0:0,0:0:0:0:
278,114,171531,5,2,0:0:0:0:
371,297,171688,2,0,P|370:250|325:198,1,97.50000371933,10|0,0:0|0:0,0:0:0:0:
282,276,171845,5,10,0:0:0:0:
443,115,172002,5,2,0:0:0:0:
257,3,172159,5,10,0:0:0:0:
254,191,172316,5,10,0:0:0:0:
260,192,172395,1,0,0:0:0:0:
265,188,172473,1,6,0:0:0:0:
265,181,172552,1,0,0:0:0:0:
260,177,172630,1,0,1:0:0:0:
254,179,172709,1,0,0:0:0:0:
251,185,172787,1,0,0:0:0:0:
33,243,173101,5,0,0:0:0:0:
33,243,173416,6,0,B|104:250|81:212|133:184|217:204|295:351|165:363|165:363|120:260|225:264|266:264|295:324|295:324|327:383|392:398|447:364|447:364|413:324|364:218|462:208|511:223|518:291|495:323|420:340,1,1040,0|0,0:0|0:0,0:0:0:0:
308,167,175300,1,0,0:0:0:0:
468,36,175929,6,0,B|480:35|491:27|491:27|455:67|400:22|400:22|358:-16|296:-11|264:21|264:21|231:54|228:96|228:96|196:45|102:50|83:126|136:232|246:217|327:170|329:78|329:78|362:133|458:140|509:113|509:113|482:125|465:159,1,1040,0|0,0:0|0:0,0:0:0:0:
322,364,177813,1,0,0:0:0:0:
32,221,178442,6,0,B|16:274|16:274|85:292|85:292|120:182|120:182|113:174|113:174|143:68|143:68|227:92|227:92|195:207|195:207|265:227|265:227|294:128|294:128|300:120|300:120|322:44|322:44|103:-17,1,1040,0|0,0:0|0:0,0:0:0:0:
244,344,180327,1,0,0:0:0:0:
490,332,180955,6,0,B|462:331|438:349|438:349|414:292|438:245|480:207|480:207|399:253|307:204|255:157|246:124|280:44|341:32|402:79|426:165|371:213|331:243|350:319|350:319|314:265|245:228|201:254|168:286|191:354|257:344,1,1040,0|0,0:0|0:0,0:0:0:0:
0,384,183468,5,0,0:0:0:0:
175,242,184724,1,0,0:0:0:0:
56,113,185353,1,0,0:0:0:0:
498,16,185981,6,0,B|352:52|352:52|342:47|342:47|168:91|168:91|275:203|275:203|284:206|284:206|398:330|398:330|479:99|479:99|488:95|488:95|364:126|364:126,1,1040,0|0,0:0|0:0,0:0:0:0:
4,378,187866,5,0,0:0:0:0:
120,213,188494,1,0,0:0:0:0:
0,53,189279,5,0,0:0:0:0:
7,44,189358,1,0,0:0:0:0:
22,43,189436,1,0,0:0:0:0:
75,103,189594,1,0,0:0:0:0:
268,0,189751,5,0,0:0:0:0:
256,191,190379,1,0,0:0:0:0:
102,159,191007,6,0,B|192:190|192:190|302:170|266:25|136:96|192:190|192:190|260:256|260:256|241:334|241:334|121:343|121:343|144:259|144:259|77:235|77:235|74:244|74:244|77:235|77:235|25:217|25:217|-1:127|70:69|70:69|122:85|122:85|148:38|202:12|260:33|260:33|266:19|266:19|260:33|260:33|331:61|340:152|306:197|306:197|339:233|339:233|313:345|313:345|381:219|496:202|568:288|519:381|443:393|394:290,1,2059.19999371582,0|0,0:0|0:0,0:0:0:0:
446,22,193206,5,10,0:0:0:0:
446,22,193520,6,0,B|407:125|505:110|452:225|452:225|389:210|389:210|386:216|386:216|389:211|389:211|303:193,1,350.99998928833,6|0,0:0|0:0,0:0:0:0:
291,131,193834,2,0,P|296:104|298:126,1,83.2,10|0,0:0|0:0,0:0:0:0:
40,363,194070,5,2,0:0:0:0:
40,363,194149,2,0,P|29:240|73:161,1,195.00000743866,10|0,0:0|0:0,0:0:0:0:
149,153,194384,6,0,P|149:202|114:254,1,87.7500003347397,10|0,0:0|0:0,0:0:0:0:
303,227,194620,2,0,P|268:261|206:273,1,87.7500003347397,10|0,0:0|0:0,0:0:0:0:
359,384,194855,2,0,P|310:383|258:349,1,87.7500003347397,10|0,0:0|0:0,0:0:0:0:
275,367,195091,5,10,0:0:0:0:
511,309,195327,2,0,P|450:289|360:323,1,130,10|0,0:0|0:0,0:0:0:0:
362,376,195562,2,0,L|406:380,1,32.5,10|0,0:0|0:0,0:0:0:0:
512,136,195719,5,2,0:0:0:0:
472,117,195798,1,0,1:0:0:0:
490,101,195876,1,0,1:0:0:0:
477,89,195955,1,0,1:0:0:0:
490,78,196033,6,0,B|419:62|419:62|367:130|367:130|369:135|369:135|367:131|367:131|335:173|335:173|244:151,1,292.50001115799,2|0,0:0|0:0,0:0:0:0:
224,70,196348,2,0,B|262:14|262:14|289:101,1,130,10|0,0:0|0:0,0:0:0:0:
265,156,196583,1,0,0:0:0:0:
268,163,196662,1,2,0:0:0:0:
17,106,196819,6,0,B|66:84|66:84|121:136,1,97.50000371933,2|0,0:0|0:0,0:0:0:0:
95,375,196976,2,0,B|80:260|80:260|71:254|71:254|58:165,1,195.00000743866,10|0,0:0|0:0,0:0:0:0:
108,107,197290,2,0,P|107:89|115:111,1,65,2|0,0:0|0:0,0:0:0:0:
406,238,197447,6,0,B|374:207|374:207|388:276,1,97.50000371933,0|0,0:0|1:0,0:0:0:0:
200,370,197604,2,0,P|251:335|393:348,1,195.00000743866,10|2,0:0|0:0,0:0:0:0:
184,263,197918,6,0,L|171:213,2,32.5,0|0|0,0:0|0:0|0:0,0:0:0:0:
184,263,198075,2,0,L|286:244,1,97.50000371933,0|0,0:0|0:0,0:0:0:0:
486,144,198232,5,10,0:0:0:0:
486,144,198389,2,0,P|432:110|381:117,1,97.50000371933,0|0,1:0|0:0,0:0:0:0:
412,378,198547,2,0,P|446:295|407:188,1,195,2|0,0:0|0:0,0:0:0:0:
273,3,198782,5,0,0:0:0:0:
273,3,198861,2,0,B|265:79|265:79|358:80|325:10|437:23,1,257.399999214478,10|0,0:0|0:0,0:0:0:0:
496,67,199175,2,0,P|512:74|489:71,1,65,2|0,0:0|0:0,0:0:0:0:
143,185,199332,6,0,B|182:151|182:151|243:180,1,97.50000371933,2|0,0:0|0:0,0:0:0:0:
357,312,199489,2,0,B|319:194|319:194|302:238|242:260,1,195.00000743866,10|0,0:0|1:0,0:0:0:0:
4,267,199803,1,2,0:0:0:0:
4,267,199960,6,0,P|-4:314|18:357,1,97.50000371933,0|0,0:0|1:0,0:0:0:0:
258,347,200117,2,0,P|183:298|58:317,1,195.00000743866,10|2,0:0|0:0,0:0:0:0:
133,184,200431,6,0,L|175:153,2,35.7500010910034,0|0|0,0:0|0:0|0:0,0:0:0:0:
0,105,200588,2,0,P|34:65|93:65,1,97.50000371933,2|0,0:0|0:0,0:0:0:0:
271,174,200745,6,0,B|74:143|74:143|121:144|162:106,1,292.50001115799,10|0,0:0|0:0,0:0:0:0:
222,67,201060,2,0,B|262:73|262:73|267:71|267:71|275:81|275:81|282:79|282:79|347:90,1,97.50000371933,2|0,0:0|0:0,0:0:0:0:
469,195,201217,6,0,B|449:242|449:242|397:199,1,97.50000371933,0|0,1:0|0:0,0:0:0:0:
459,53,201374,5,10,0:0:0:0:
271,174,201531,1,0,1:0:0:0:
469,195,201688,6,0,L|397:202,1,65,2|0,0:0|0:0,0:0:0:0:
139,294,201845,2,0,B|181:324|181:324|241:288,1,97.50000371933,2|0,0:0|0:0,0:0:0:0:
393,116,202002,6,0,B|361:149|361:149|377:217|377:217|423:235|423:235|442:321|442:321|402:367,1,292.50001115799,10|0,0:0|0:0,0:0:0:0:
337,366,202316,2,0,P|325:339|338:347,1,84.4999961318971,2|0,0:0|0:0,0:0:0:0:
271,174,202473,6,0,B|282:217|282:217|124:185,1,195.00000743866,2|0,0:0|0:0,0:0:0:0:
60,130,202709,1,8,0:0:0:0:
64,137,202787,1,2,0:0:0:0:
81,377,202944,6,0,B|57:331|57:331|86:278,1,97.50000371933,2|2,0:0|0:0,0:0:0:0:
0,283,203102,2,0,P|49:276|170:347,1,195.00000743866,8|0,0:0|0:0,0:0:0:0:
180,327,203416,6,0,L|172:288,2,32.5,2|0|0,0:0|0:0|0:0,0:0:0:0:
212,370,203573,2,0,P|225:265|268:379,1,292.50001115799,2|0,0:0|0:0,0:0:0:0:
334,323,203887,6,0,P|389:352|473:345,1,130,10|0,0:0|1:0,0:0:0:0:
498,287,204122,1,0,0:0:0:0:
498,287,204201,2,0,P|498:245|447:187,1,97.50000371933,2|0,0:0|0:0,0:0:0:0:
401,48,204358,2,0,B|439:18|439:18|489:48,1,97.50000371933,2|0,0:0|0:0,0:0:0:0:
387,263,204515,6,0,B|375:204|375:204|323:192|323:192|315:142|315:142|312:140|312:140|311:124|311:124|315:122|315:122|304:45,1,253.499988395691,10|0,0:0|0:0,0:0:0:0:
215,4,204829,2,0,B|222:58|222:58|215:68|215:68|228:77|228:77|224:83|224:83|234:139,1,130,2|0,0:0|0:0,0:0:0:0:
216,202,205065,1,0,1:0:0:0:
213,206,205143,1,10,0:0:0:0:
34,384,205300,2,0,B|27:330|27:330|34:320|34:320|21:311|21:311|25:305|25:305|15:249,1,130,2|0,0:0|0:0,0:0:0:0:
63,102,205615,6,0,P|116:96|160:135,1,97.50000371933,2|0,0:0|0:0,0:0:0:0:
175,345,205772,2,0,P|100:270|111:168,1,195.00000743866,10|0,0:0|0:0,0:0:0:0:
150,119,206007,1,0,0:0:0:0:
148,114,206086,1,2,0:0:0:0:
303,317,206243,6,0,P|289:327|301:306,1,65,0|0,1:0|0:0,0:0:0:0:
506,243,206400,2,0,B|301:215|301:215|362:223|384:288,1,292.50001115799,10|0,0:0|0:0,0:0:0:0:
451,379,206714,6,0,L|438:315,1,65,2|0,0:0|0:0,0:0:0:0:
512,103,206871,2,0,B|468:74|468:74|403:111,1,97.50000371933,2|0,0:0|0:0,0:0:0:0:
323,130,207028,6,0,B|355:66|355:66|283:-10|283:-10|262:13|262:13|258:9|258:9|257:14|257:14|230:41|230:41|263:69,1,292.50001115799,10|0,0:0|0:0,0:0:0:0:
214,127,207342,2,0,L|147:118,1,65,2|0,0:0|0:0,0:0:0:0:
30,289,207499,6,0,L|41:341,2,32.5,0|0|0,0:0|0:0|1:0,0:0:0:0:
73,362,207656,2,0,P|51:264|32:170,1,195.00000743866,10|2,0:0|0:0,0:0:0:0:
149,118,207971,6,0,L|130:185,1,48.750001859665,0|0,0:0|0:0,0:0:0:0:
163,125,208049,2,0,L|126:180,1,48.750001859665,0|0,0:0|0:0,0:0:0:0:
173,136,208128,2,0,L|122:178,1,48.750001859665,0|0,0:0|0:0,0:0:0:0:
178,149,208206,2,0,L|121:173,1,48.750001859665,0|0,0:0|0:0,0:0:0:0:
133,246,208285,6,0,L|152:333,1,65,10|0,0:0|0:0,0:0:0:0:
347,366,208442,2,0,P|395:348|419:285,1,97.50000371933,0|0,1:0|0:0,0:0:0:0:
189,165,208599,6,0,B|244:182|265:232|237:228|254:282|331:279|331:279|337:283|337:283|332:278|332:278|361:219|322:174,1,312,2|0,0:0|1:0,0:0:0:0:
382,123,208913,2,0,P|392:110|441:180,1,130,10|0,0:0|1:0,0:0:0:0:
224,20,209227,1,2,0:0:0:0:
224,20,209384,6,0,L|271:5,1,32.5,2|0,0:0|0:0,0:0:0:0:
266,13,209463,2,0,L|316:17,1,32.5,0|0,0:0|0:0,0:0:0:0:
308,20,209541,2,0,L|361:12,1,32.5,10|0,0:0|0:0,0:0:0:0:
382,123,209698,6,0,P|359:111|300:99,1,65,0|0,1:0|0:0,0:0:0:0:
499,6,209855,2,0,P|478:87|506:199,1,195.00000743866,2|0,0:0|0:0,0:0:0:0:
460,258,210091,1,0,1:0:0:0:
463,264,210170,1,10,0:0:0:0:
228,233,210327,6,0,B|278:310|306:253|349:341|349:341|296:385,1,233.999992858887,2|0,0:0|0:0,0:0:0:0:
221,369,210641,2,0,P|204:353|223:363,1,65,2|0,0:0|0:0,0:0:0:0:
25,123,210798,6,0,L|53:329,1,195,10|0,0:0|0:0,0:0:0:0:
59,328,211112,5,2,0:0:0:0:
228,233,211269,1,0,1:0:0:0:
42,44,211426,5,10,0:0:0:0:
25,123,211583,1,0,1:0:0:0:
138,236,211740,5,2,0:0:0:0:
269,47,211897,2,0,P|211:28|165:58,1,97.50000371933,2|0,0:0|0:0,0:0:0:0:
42,249,212054,5,10,0:0:0:0:
42,249,212211,2,0,L|150:235,1,97.50000371933,2|0,0:0|0:0,0:0:0:0:
446,125,212369,6,0,L|485:130,1,39,0|0,0:0|0:0,0:0:0:0:
288,300,212997,5,0,0:0:0:0:
288,300,213311,5,0,0:0:0:0:
506,1,213625,5,6,0:0:0:0:
